2.401820943979117601e+03
2.290664183698297620e+03
2.804095197493335911e-01
-2.099970308210306058e-01
3.366433061673784755e-02
-8.870742422091201784e-02
9.912500591033607256e-02
2.824813000407191410e-01
5.763758810892039008e-02
2.414955078304578673e-02
1.705168486088297186e+03
1.576041711505310786e+03
5.909618213106015983e-02
-3.250064940072344699e-02
1.789935603322844737e-01
-9.351298202715929708e-02
-1.450237592733356340e-01
2.822441451777646382e-01
-5.036050975822170539e-02
9.859477452304196698e-02
2.401820943979117601e+03
2.290664183698297620e+03
2.804095197493335911e-01
-2.099970308210306058e-01
3.366433061673784755e-02
-8.870742422091201784e-02
9.912500591033607256e-02
2.824813000407191410e-01
5.763758810892039008e-02
2.414955078304578673e-02
3.840768503143391968e+02
7.460211594392201278e+02
2.543049767492523427e-01
-2.372113030768077668e-01
1.480171392060392055e-01
5.560128257804808349e-02
-3.317455296342622373e-02
2.798110000951443688e-01
1.154468867233193752e-03
4.260412464706644919e-02
1.705168486088297186e+03
1.576041711505310786e+03
5.909618213106015983e-02
-3.250064940072344699e-02
1.789935603322844737e-01
-9.351298202715929708e-02
-1.450237592733356340e-01
2.822441451777646382e-01
-5.036050975822170539e-02
9.859477452304196698e-02
2.544771485184056473e+03
1.485104546695826684e+03
1.239218166024678019e-01
-1.200373405071088473e-01
2.285472493922249826e-02
2.827639005642709064e-02
-7.185083980726716946e-03
1.961638211629302964e-01
-2.010833983555223026e-01
-4.459127326314497874e-02
3.840768503143391968e+02
7.460211594392201278e+02
2.543049767492523427e-01
-2.372113030768077668e-01
1.480171392060392055e-01
5.560128257804808349e-02
-3.317455296342622373e-02
2.798110000951443688e-01
1.154468867233193752e-03
4.260412464706644919e-02
2.064498747078296219e+03
1.434797521896478656e+03
2.098631851699112039e-02
-1.336669566735964598e-01
2.462611220793857192e-01
2.299511158355327378e-02
-5.401981670123057189e-02
1.406737045466979752e-02
-1.754019087742834104e-01
4.016423484189207693e-02
1.551294550097726415e+03
1.607550767170833979e+03
1.968896241730585805e-01
-2.034365520212933209e-01
1.382298044700937534e-01
-1.030596246335306609e-01
-4.837787682903731123e-02
1.815340828318810218e-01
-1.803419379318257909e-03
-6.948291231861351835e-03
3.294838260305118638e+02
1.150488196054385298e+03
1.393242423925415974e-01
-2.050214233179461776e-01
7.460001507433887402e-02
3.359850272211539757e-02
2.142438959609690649e-02
1.767954540985596235e-01
-1.076812470058150367e-01
3.237175935912995489e-02
3.294838260305118638e+02
1.150488196054385298e+03
1.393242423925415974e-01
-2.050214233179461776e-01
7.460001507433887402e-02
3.359850272211539757e-02
2.142438959609690649e-02
1.767954540985596235e-01
-1.076812470058150367e-01
3.237175935912995489e-02
1.705168486088297186e+03
1.576041711505310786e+03
5.909618213106015983e-02
-3.250064940072344699e-02
1.789935603322844737e-01
-9.351298202715929708e-02
-1.450237592733356340e-01
2.822441451777646382e-01
-5.036050975822170539e-02
9.859477452304196698e-02
8.894323865891734613e+02
2.450164662038332153e+03
1.532056842793043383e-01
-2.027774375443853194e-01
2.135705541983073941e-01
-3.028327376492686435e-02
5.310980483136905350e-02
9.493832784927157264e-02
1.216193576179549485e-01
1.282382637532204495e-01
1.320933947612489646e+03
1.037917038131663730e+03
1.932224439917533954e-01
-1.283132055782542080e-01
3.420362466501294940e-02
-6.892858849781802189e-02
2.124065918345384441e-02
1.122776144442862722e-01
-1.739191804267415931e-01
1.662798547654701503e-02
3.840768503143391968e+02
7.460211594392201278e+02
2.543049767492523427e-01
-2.372113030768077668e-01
1.480171392060392055e-01
5.560128257804808349e-02
-3.317455296342622373e-02
2.798110000951443688e-01
1.154468867233193752e-03
4.260412464706644919e-02
2.513275229570156625e+03
1.032080012892787408e+03
3.213667473669440389e-01
-6.595806339970644583e-03
1.908030985822449233e-01
1.245854768681678992e-01
-1.105588369478100741e-01
1.363979926509433227e-01
9.195736949967053819e-02
-1.725355543669927771e-01
3.840768503143391968e+02
7.460211594392201278e+02
2.543049767492523427e-01
-2.372113030768077668e-01
1.480171392060392055e-01
5.560128257804808349e-02
-3.317455296342622373e-02
2.798110000951443688e-01
1.154468867233193752e-03
4.260412464706644919e-02
2.666672577765984443e+03
5.857354664353069893e+02
2.034621517505787736e-01
-7.871904010432351217e-02
-3.430448876877639774e-02
1.351901993227054288e-01
-6.081912506266118346e-02
2.400448022166328799e-01
-2.425316591791280008e-01
-1.978579152653938411e-01
2.513275229570156625e+03
1.032080012892787408e+03
3.213667473669440389e-01
-6.595806339970644583e-03
1.908030985822449233e-01
1.245854768681678992e-01
-1.105588369478100741e-01
1.363979926509433227e-01
9.195736949967053819e-02
-1.725355543669927771e-01
1.026856169303795525e+02
2.274429986498386370e+03
-2.856553478496145354e-02
-3.041375215845015800e-02
2.132915571284574319e-01
3.236491488527309945e-02
-1.426001078990146720e-02
9.370671811699843312e-03
2.957851228129948495e-02
1.231601141045660375e-01
1.733939413258148079e+03
1.009069054255502692e+03
1.831481375553839497e-01
-1.126874654739310339e-01
-2.126939336781575110e-02
9.989372272591823948e-03
-2.087379198163442223e-02
2.758131051961985047e-01
-1.893154425028006071e-01
-1.816239438368202549e-02
1.056181649628606465e+03
1.248104190499405377e+03
1.149199332206179980e-01
-5.284876407433805601e-02
1.349932257634354760e-01
-9.606214271077594125e-02
-1.097279337087782303e-01
2.631639264039389858e-01
-6.054393531958060515e-02
9.832497889517578804e-02
2.715210579551723185e+03
2.259279334115176880e+03
2.726631187330279538e-01
-1.802025449304205107e-01
-2.757944111078455135e-02
-9.891053052227161135e-02
1.084519932310424595e-01
2.669047029730963749e-01
-1.208644699731531436e-02
-3.718940044266962064e-03
1.610750182016909548e+03
9.740779125062181265e+02
1.097671846454823380e-01
-7.661255648383222261e-02
5.951371834816313044e-02
5.961587263862849762e-02
-4.155622578042272863e-02
1.390830789185752425e-01
-2.082926818850089901e-01
-3.415664819110068862e-02
1.223659559059517051e+03
4.110260270743759747e+02
1.551830190171308022e-01
-1.504607859297442396e-01
8.360579454821512324e-02
9.570622591674997348e-02
-7.302225511794618873e-02
2.632284581464386930e-01
-2.030430709134474765e-01
-1.421731110939622802e-02
1.402105456919412291e+03
2.913524365984432620e+02
1.970846982861216845e-01
-1.379389921268738828e-01
8.963314881645230436e-02
9.507996584698528986e-02
-9.492991373258008458e-02
2.469184564335999976e-01
-1.792564887099550308e-01
-5.721651885637107915e-02
1.069479849743692057e+03
8.740977943556420087e+02
1.197781371835983932e-01
-1.034376011780201443e-01
9.419986333644135568e-02
-1.956046136462698259e-02
-4.308863331214739245e-02
1.243163481568688306e-01
-1.939178336974672068e-01
4.098962556926427636e-02
1.426779797077546164e+03
1.215172941075027893e+03
5.202567997036801339e-02
-7.666766023026014287e-02
2.310119164916856760e-01
-6.455707293774354261e-02
-1.537923288995007853e-01
1.798741074518140637e-01
-9.424818215057720328e-02
7.731932512204893471e-02
1.320933947612489646e+03
1.037917038131663730e+03
1.932224439917533954e-01
-1.283132055782542080e-01
3.420362466501294940e-02
-6.892858849781802189e-02
2.124065918345384441e-02
1.122776144442862722e-01
-1.739191804267415931e-01
1.662798547654701503e-02
1.082040487692121815e+03
1.436361491540273391e+03
1.799270084654333579e-01
-9.944256631085392206e-02
7.655183308353472049e-02
-1.084437405490881468e-01
2.226386492743774592e-02
8.500977259849490375e-02
-9.490094835531570627e-02
7.888858206605926793e-02
3.898692751171760165e+02
8.091541895214811575e+02
2.528074534275742691e-01
-2.458212828544704409e-01
-2.106995287587699189e-02
-1.100629805667693167e-02
1.344867342512608144e-01
-1.231553010682875232e-02
-2.170915689835838380e-01
-5.104229144395670825e-03
2.107673464077105109e+03
1.290860174951261342e+03
3.703413277037192336e-02
-3.519084264027577680e-02
1.840312278942155266e-01
-5.922310629317352471e-02
-1.673081014580027615e-01
2.736107149867517130e-01
-1.293906671117462381e-01
6.506008356492964939e-02
2.592312540712290229e+03
9.297919323989374334e+02
2.756758464687844024e-01
-1.568457287868290639e-01
1.006037871356470909e-02
1.172730422337294187e-01
-4.366364955792068070e-05
1.816882399717974772e-01
-1.299634532258764075e-01
-1.951190905233098072e-01
1.571040817730011440e+03
2.075769614681467374e+03
3.401663763190254652e-01
-2.328988419806217736e-01
7.457123640008475607e-02
-1.231109177880672784e-01
1.052890815382751949e-01
2.049023104859003797e-01
1.347059964117209019e-01
2.095783090038330632e-02
1.268831213871226737e+03
2.429713949451719600e+03
3.075096064481472324e-01
-2.647241010057931887e-01
5.940995581383965579e-02
-2.057171049424028619e-01
1.297619860423284976e-01
8.250036512709758851e-02
1.115871209742462788e-01
2.992050977539419815e-02
1.268831213871226737e+03
2.429713949451719600e+03
3.075096064481472324e-01
-2.647241010057931887e-01
5.940995581383965579e-02
-2.057171049424028619e-01
1.297619860423284976e-01
8.250036512709758851e-02
1.115871209742462788e-01
2.992050977539419815e-02
1.932795475281578092e+03
1.743553509960250267e+03
3.446714248951968096e-02
-3.425685496165836036e-02
1.888508062327394488e-01
-6.748584653233541397e-02
-1.137407491068590515e-01
1.962463134417463950e-01
-7.520613607318135663e-02
8.259171641826607013e-02
6.082930892588997267e+02
1.322578738934400917e+03
7.398723913557823939e-02
-1.011098675136169189e-01
2.533586098177580959e-01
-6.785174524103343430e-02
-1.296643702822223021e-01
2.472825608531362962e-01
5.686915228751275586e-03
1.508402863063583732e-01
4.068744006356037062e+02
6.060910929223134644e+02
2.611430248745864047e-01
-2.922297359705010034e-01
7.525507458002325678e-02
9.019531252627638329e-02
1.445861932952565709e-01
-7.640090293688346634e-02
-1.902574998061513090e-01
-2.402130189533225116e-02
2.544771485184056473e+03
1.485104546695826684e+03
1.239218166024678019e-01
-1.200373405071088473e-01
2.285472493922249826e-02
2.827639005642709064e-02
-7.185083980726716946e-03
1.961638211629302964e-01
-2.010833983555223026e-01
-4.459127326314497874e-02
1.314843936064552054e+03
7.916023872277227156e+02
9.842928089868890895e-02
-8.724370684668278364e-02
8.768381599781337188e-02
5.698802977972552974e-03
-4.954862557642177728e-02
1.003540236939024777e-01
-2.411681746146857874e-01
1.609854120013068379e-02
1.069479849743692057e+03
8.740977943556420087e+02
1.197781371835983932e-01
-1.034376011780201443e-01
9.419986333644135568e-02
-1.956046136462698259e-02
-4.308863331214739245e-02
1.243163481568688306e-01
-1.939178336974672068e-01
4.098962556926427636e-02
9.142548027938836412e+02
8.814241602638051063e+02
6.436038764599028017e-02
-5.991723960130304616e-02
1.477381798904623400e-01
-1.654818456779473881e-02
-1.248126318219319464e-01
1.899937753959175524e-01
-1.593253746948361804e-01
6.832796119402043122e-02
9.856820406827000625e+02
9.649243610899010264e+02
1.066645942615894599e-01
-9.053756313019763191e-02
1.080278533402774660e-01
-1.849738707175882166e-02
-6.496668390192489317e-02
1.836212706607913414e-01
-1.576141411370361456e-01
6.485537708120545086e-02
2.050073477345177707e+03
1.235737404809743794e+03
1.058335207651598248e-01
-9.293317364726755292e-02
1.445232277842531665e-01
-3.973474824082162682e-02
-1.035780850091852362e-01
1.663067294773170612e-01
-1.379672629637475889e-01
-5.419130903549833345e-03
2.131242963584545578e+03
9.610532802283620413e+02
4.906862173459930476e-02
-9.653216899954195074e-02
1.636672883308994686e-01
6.424088561762672511e-02
-1.163508581686241578e-01
1.822979183628280486e-01
-2.144191274203798570e-01
-7.249924628425177819e-03
2.179638562384099259e+03
6.120990216285531460e+02
6.106886306308879908e-02
-1.025476422509298824e-01
1.757425618440934811e-01
8.752176537865474781e-02
-1.525458539237628808e-01
1.625752337732454811e-01
-2.457537681912359551e-01
-5.337847287044967387e-02
1.378208002486843498e+03
8.785295921161009574e+02
2.126010240166509302e-01
-1.593711929124063953e-01
5.064556192350981589e-02
-9.858866211290784332e-02
-1.695999973981152098e-02
2.320379555292973461e-01
-1.605407442091493220e-01
5.835955770772408013e-02
1.514457431780439947e+03
1.046887240000134398e+03
8.270128270369202228e-02
-8.202901559376758744e-02
1.258693721372424468e-01
-4.945198896177810388e-04
-1.158945374154988772e-01
2.521767638605292294e-01
-1.506664778610460609e-01
3.872532033502970594e-02
1.191275258683991979e+03
9.643606400325568302e+02
2.038449192672795174e-01
-1.223428070371136295e-01
6.356624308598013418e-02
-9.618728782497043550e-02
-4.299246873997278687e-03
8.819514654573022694e-02
-1.509363018452548333e-01
1.771608768171610906e-02
2.019170987810960241e+03
1.144493898776606329e+03
2.836151157084649266e-01
-1.824553983854329542e-01
5.614318259719894288e-02
7.355670521815729779e-02
2.525538559693783422e-02
1.193725848048317884e-01
-5.542020647693920304e-02
-1.544844629022246729e-01
2.177599276200824988e+03
1.533842611059359342e+03
1.523768837213264615e-01
-1.267666119043143469e-01
1.455041967831192246e-02
-1.285566788784159309e-02
1.892894279737752927e-03
2.382358037365562009e-01
-1.504462765046971628e-01
-1.145212497282872485e-02
5.482647736368156757e+02
1.137806189388975326e+03
9.910157958081890206e-02
-1.140595677978138711e-01
2.075558351209781105e-01
-1.035777798916603515e-01
-7.926396927392390102e-02
1.364994782866652268e-01
-7.678428552604939228e-02
1.412522089875922759e-01
1.208781658307526641e+02
8.497179369021760067e+02
1.438362429322502800e-01
-1.495340418464004006e-01
1.160706749915810798e-01
-2.957529711921148136e-02
-8.633648739285716689e-03
8.614170179984757814e-02
-1.390351872116745990e-01
8.518651755585771035e-02
1.306767809699806548e+03
2.363753148144216539e+03
3.009870860781411750e-01
-2.959738790510714201e-01
1.155202855198535633e-01
-1.973054343662795640e-01
1.284531481453812796e-01
7.578756237392354767e-03
1.081067441351389047e-01
1.918916069345576875e-02
1.451453194027153586e+03
1.858663958675939284e+03
1.182429132613933842e-01
-1.040002777279240842e-01
1.401780748100449336e-01
-1.347898516451082052e-01
-2.540203192213333350e-02
1.900595117888119745e-01
-3.217140789133909190e-02
1.204701866344741190e-01
1.734414275382703181e+03
1.172237413989965262e+03
4.698584634857427833e-02
-7.303750998794282523e-02
2.333491071423174079e-01
-5.053938353340983042e-02
-1.331059732759769521e-01
1.397926084921396195e-01
-1.298966876569027928e-01
6.433718893085750568e-02
8.744858635256725847e+02
1.321119371000945648e+03
1.530797659960683732e-01
-1.181481139552841980e-01
1.437322551284353489e-01
-1.490086330576560758e-01
-8.120566398743155750e-03
1.268400652226273351e-01
-8.285455149440962286e-02
1.468259535617414402e-01
2.004591516915091688e+03
1.440514581268292659e+03
1.036435986922610714e-01
-1.131935027204000188e-01
1.351738403365473906e-01
-4.048496308222680057e-02
-3.088829184701606667e-02
1.089169454778524671e-01
-1.540435475016043998e-01
3.799053140004665652e-02
1.545159167853993836e+02
6.550203688461481306e+02
2.837686952495739323e-01
-1.945893168118452143e-01
-7.884862500346610792e-02
2.002853973982418601e-02
1.799668831398950064e-01
-7.248761325318341109e-02
-2.463985243927523106e-01
-1.466578820023604207e-02
1.493376055060912222e+03
1.026814786480401608e+03
1.001193931255812825e-01
-6.549740250917168716e-02
7.270534166299717771e-02
-4.783764203362680240e-03
-8.050119209650698215e-02
1.708135341250795192e-01
-1.923180926837115834e-01
4.563561223579063950e-03
1.662493985218180228e+02
8.109492916068174964e+02
1.537112460426184046e-01
-1.580667400772213516e-01
9.302989159828535526e-02
-2.200057037845943794e-02
-4.273144400049871255e-04
9.024408840543383936e-02
-1.555967421427635056e-01
7.062618648836188617e-02
8.038168173643914542e+02
1.074050146529570156e+03
6.891279300260798324e-02
-1.138936693674151568e-01
2.385671167941516846e-01
-5.046389691509790831e-02
-9.534294045866666123e-02
1.088859883605375473e-01
-9.848244415681604857e-02
1.058773388016931161e-01
1.930218863185942837e+03
1.612883822376248872e+03
1.423688237912719146e-01
-1.595106682826137323e-01
1.026414253053456183e-01
-4.597949656894843168e-02
5.022575974434867474e-03
1.692261162651984285e-01
-1.131760784452516683e-01
4.640639645155401893e-02
4.802043579535563822e+02
9.044950870461333352e+02
1.620781626043054369e-01
-1.617764223969722914e-01
1.099591949685086584e-01
-5.987079882361202171e-02
-1.154824138571774669e-02
1.103364565107405881e-01
-1.372502784503816797e-01
7.598198536477641929e-02
9.372147112718860740e+01
3.924230322847097909e+02
2.239223936533616954e-01
-1.502750225456447597e-01
1.774230277692365187e-02
-2.504005265605413477e-02
5.409328550179830913e-02
-2.615901862437065503e-02
-2.360060323525797199e-01
1.306822475569709152e-02
7.013385014594359745e+01
6.015935599251690746e+02
1.916532933933085825e-01
-1.408725039861584150e-01
3.837183176585597100e-02
-6.630535159553456459e-02
1.812088598414587221e-02
1.394370263989339331e-01
-1.789039916565192123e-01
8.959433530508861820e-02
1.521509689213718957e+03
1.604934340062000729e+03
1.330108601453386385e-01
-1.482031908196076164e-01
1.299271291062770173e-01
-7.661159339758416564e-02
1.510769727035148752e-02
9.151972946334349657e-02
-1.044937670872002067e-01
7.337399396809034247e-02
1.087293162903250050e+03
1.156968143066779248e+03
6.683789393137881674e-02
-7.148676140178680805e-02
1.504553268547347555e-01
-2.852915518159990921e-02
-7.909700236301057952e-02
1.386462299465227310e-01
-1.339540542135277956e-01
5.341146328011749794e-02
1.973803994311799897e+03
9.164570132406433913e+02
1.571370952552034184e-01
-1.484984456856782709e-01
4.579147831969352517e-02
4.627907341350567805e-02
-2.875322462081639219e-02
1.378727396193928922e-01
-2.244756190680633479e-01
-7.368937147787774089e-02
9.160246007585432153e+02
1.113681321826407384e+03
6.352988093565395400e-02
-5.909406748454193448e-02
1.647035809011979657e-01
-2.378677047313286844e-02
-1.331333403942204785e-01
1.506511620010982655e-01
-1.120779471294994084e-01
4.081698292091199415e-02
4.774991880476582082e+02
6.413201582001894394e+02
1.657036092786697001e-01
-1.642117288608083425e-01
4.405645320300712736e-02
1.565525138289521750e-02
5.346744945261926174e-02
1.436506359029313118e-02
-2.461818481424077609e-01
2.932275581311203499e-02
1.475608385037475955e+03
1.097920729625819831e+03
1.662801092186630136e-01
-1.255869172325647376e-01
3.686853928573589900e-02
-5.926473882398073517e-02
2.235347306004775367e-02
1.507026531435302075e-01
-1.979722340266559799e-01
5.662953959220325129e-02
6.354603989081408599e+01
1.006831914470410652e+03
1.312556630514276346e-01
-1.316468755714460814e-01
1.907225400813960803e-01
-8.999448782064194130e-02
-3.394487577349879215e-02
7.631001733708507595e-02
-7.965898074579311205e-02
1.477645611095887712e-01
1.306479278735508387e+03
1.262729190714270317e+03
1.427869565731960666e-01
-1.518913248784347358e-01
1.009775559635496117e-01
-4.937279737563636528e-02
-2.965224355866741268e-03
1.950789922418747491e-01
-1.325072175014180564e-01
9.061132103554375705e-02
7.344026576038992289e+02
8.864805372442436919e+02
1.330834993624745721e-01
-1.036492577724446723e-01
5.155532385464213496e-02
-1.657126243834895069e-02
-2.211619998117814179e-02
1.407821436352508504e-01
-1.893446578391823620e-01
4.476693184883269450e-02
1.946907383529615799e+03
1.244357121380887747e+03
1.166719407919474261e-01
-6.258047664620912387e-02
7.760048187396320629e-02
-6.392563044316718068e-02
-5.420275816783057948e-02
2.061329331689331912e-01
-1.711725348344380337e-01
4.711582463662265102e-02
4.241101718250774297e+02
7.711549539182028639e+02
8.987853355403059574e-02
-7.574757673741593089e-02
1.371789633093528638e-01
-3.343934231538410462e-02
-7.649402874818121700e-02
1.174833214407428328e-01
-1.719357448482045914e-01
9.747351226419251335e-02
6.446889643522604274e+02
5.384726887249001948e+02
1.044723962234131720e-01
-7.505354391683904947e-02
6.540318966929625777e-02
2.557896975994251171e-02
-6.785993878229176768e-02
1.320775893706900017e-01
-2.384192155921366352e-01
2.525393430557030042e-02
8.328836797083768033e+02
7.643689253170825850e+02
1.039294227464772763e-01
-7.526441325015281736e-02
1.091182063409072561e-01
-3.586454620909828445e-02
-7.308804715281774778e-02
1.632373830092045397e-01
-1.885210258046593756e-01
7.907991677473780179e-02
1.029234138775408383e+02
5.574883431536545686e+02
1.587418365024490241e-01
-1.329942381770674309e-01
8.061039065374461798e-02
-2.706946572851375021e-02
-4.536736362642923570e-02
1.490061887854093881e-01
-1.712671461847002363e-01
6.998678272102135112e-02
2.161715334811664889e+03
1.840587065176739316e+03
1.099968723963066775e-01
-1.400813930923691664e-01
1.320755409525263269e-01
-5.591582960822758658e-02
1.333638825635713454e-02
1.030115284840770890e-01
-1.167840729564814661e-01
5.881407611224375581e-02
1.819067902646749872e+03
1.291908189027519256e+03
8.231349413865426956e-02
-7.779167673396383820e-02
1.486903733345106005e-01
-4.637868677276954510e-02
-7.919697225315211475e-02
1.570684907735303837e-01
-1.501369524521525556e-01
5.421430155019876795e-02
5.736007887168775596e+02
7.632261999415571836e+02
1.356358913939394728e-01
-1.113949714284263037e-01
9.231340922093912715e-02
-5.040505497038126614e-02
-1.804553422090311027e-02
1.251971786995966507e-01
-1.848440676926428328e-01
8.874330055653228966e-02
1.172434572550173016e+03
1.590550050643540771e+03
1.124655553186679757e-01
-1.496197140370347234e-01
1.555989783888854783e-01
-5.751845263396346275e-02
4.660496697437142843e-03
6.006067456895747975e-02
-9.204695552121712476e-02
7.727519673567753711e-02
3.595368523109524403e+02
7.346941359616383806e+02
1.299214754018053475e-01
-1.270735646586724499e-01
9.853272775410704121e-02
-8.678286070260610163e-03
-4.061256766365647919e-02
1.407763219227957108e-01
-1.654956783625738392e-01
6.294153478179961847e-02
4.112738238415425940e+02
5.967780167827097557e+02
1.455276353744781037e-01
-7.737356699098923984e-02
-1.212367418526297778e-02
-1.201160148931836730e-02
-4.437807926308125900e-03
1.772961829473903572e-01
-2.310114557319685180e-01
4.323451278252568586e-02
2.275728133106318637e+03
1.725072617162497863e+03
1.041376597591519571e-01
-1.215306211293063765e-01
1.093564952008554969e-01
-2.584129652323681470e-02
-6.062627903921334604e-03
1.117291944160533623e-01
-1.381532338454146691e-01
9.541387526178295511e-03
1.196328271637156831e+03
1.120399366840062839e+03
1.183741862343502121e-01
-1.123581627197581118e-01
1.155122026087420095e-01
-3.069958953507730126e-02
-5.511042676159443737e-02
1.342650160387220126e-01
-1.520781501919960532e-01
4.956447876842519362e-02
1.002066896369826168e+02
6.832771318365753359e+02
1.457066652015635566e-01
-1.070402851871660732e-01
1.020053043142505333e-01
-7.278337522242367408e-02
-4.456778148170742471e-02
1.527106567667809445e-01
-1.441287148560531362e-01
1.037505829574432298e-01
2.108719263851113737e+03
2.163812002846448195e+03
1.155075929807006241e-01
-1.731594047785229851e-01
1.679220870418476896e-01
-9.131114425728906192e-02
5.267147808099827133e-02
6.566804127815821512e-02
-5.030354286732606484e-02
7.077132849223211064e-02
1.896922804571474671e+03
1.597979730955612240e+03
5.583364030241404208e-02
-6.961623991980350756e-02
1.683377412875302348e-01
-5.062576167566709695e-02
-7.050984081586261776e-02
1.170958971613618727e-01
-1.102119746688624141e-01
2.967376807421821111e-02
6.308647736083516975e+02
5.833677607484295322e+02
1.600714283243172276e-01
-1.078069556525113881e-01
8.538704166735338469e-03
-1.153315974650276354e-02
-4.626341151895477927e-03
1.540487432250663424e-01
-2.382398791186808584e-01
4.022775004196710302e-02
1.140049153218211359e+03
1.401235405446348977e+03
1.173979116903694081e-01
-1.454868272640190141e-01
1.547604725637394263e-01
-4.268445032601937000e-02
-3.094067343335993314e-02
7.763283530168145485e-02
-9.715520856177065068e-02
4.370424484604024107e-02
4.490896126704594735e+02
7.818077372887044021e+02
8.703731142544446353e-02
-5.627522948323538526e-02
1.422144480626673091e-01
-6.222265443864832823e-02
-9.508368379394793735e-02
1.746688119701593489e-01
-1.470043271074318314e-01
1.119500632425722841e-01
7.051958997194678886e+02
6.066352654262952910e+02
8.468531649209712353e-02
-2.787494917238466513e-02
8.294051069448764302e-02
-2.100299371174627408e-02
-9.895925882385492311e-02
1.878644879142136181e-01
-2.083662281669358407e-01
5.662388134161859543e-02
2.248060337802781987e+02
6.991922803512068185e+02
1.755822008020292702e-01
-1.590086273046513177e-01
8.117615362351530972e-02
-6.018821860237976579e-02
1.650845979900599295e-02
1.288248534963046810e-01
-1.781035071240276435e-01
1.265235071605095296e-01
1.162784793496723751e+03
9.296043647352581729e+02
1.287909510454921524e-01
-7.855717363131051179e-02
6.391174409857439120e-02
-3.093988650939427307e-02
-6.618876764443848426e-02
1.694179377215369597e-01
-1.781153499721029598e-01
1.918798985823421538e-02
3.208354597159250829e+02
3.342201799303431926e+02
2.063590060167924956e-01
-2.010596287916008307e-01
3.905881891982530829e-02
4.142036021516927458e-02
4.103361704319388216e-05
8.780386858436631248e-02
-2.125600437071108462e-01
-4.465623661204388972e-02
2.688377131064289188e+03
2.252955991599350909e+03
1.366041548112024717e-01
-1.817455336538633115e-01
1.657738877882726225e-01
-1.053982040442076051e-01
3.237523580726231476e-02
1.123853677320709177e-01
-4.960545297080790061e-02
6.720192456107625112e-02
4.569057852502149899e+02
7.925654827728676537e+02
1.476353506321504139e-01
-1.398027387131229593e-01
1.047841432910915221e-01
-4.853542655388717875e-02
-9.324702507916209776e-03
1.254381548631122723e-01
-1.638537128759542660e-01
9.604700662400794675e-02
6.242134630189195832e+02
1.166250789745424299e+03
1.439393297578425712e-01
-1.703079668174122818e-01
1.069060738119216036e-01
-2.260580886548606283e-02
2.075427044069036442e-02
5.929302397646518674e-02
-1.405380172845511200e-01
6.637010052059169607e-02
2.868044762354367663e+02
6.691134523400835405e+02
1.701656776981050612e-01
-1.510720865905660071e-01
6.212762821735266783e-02
-4.218022815947843757e-02
2.452168670104769299e-02
1.165237716030900622e-01
-1.968512699148520229e-01
9.899905563470189074e-02
5.325582710198094674e+02
7.009440952666587918e+02
1.533964730326175807e-01
-1.409642686585766136e-01
7.304241372084528672e-02
1.192361504150881574e-02
-5.618534843503193016e-02
1.464825359452036901e-01
-1.749722533048229389e-01
1.981510952312788565e-02
2.523606949195461766e+02
9.702154026759309318e+02
1.645244502416145227e-01
-1.813951071639495760e-01
1.476979342664169470e-01
-7.020955314541807435e-02
-1.466421579818894330e-02
1.074954440589737936e-01
-1.137000858560784922e-01
1.377293577071627695e-01
1.676812745767177148e+03
1.636274093234081420e+03
7.807083407692851085e-02
-8.801734127998418755e-02
1.522166935114875330e-01
-7.420522712723337522e-02
-2.233956171674437302e-02
1.128210887509728810e-01
-1.186445331549495080e-01
9.626815294244006616e-02
1.665064659464926308e+03
1.416305610852400150e+03
1.441252443448134135e-01
-1.223058779590971284e-01
7.582134195774010987e-02
-8.827410590991240091e-02
4.797421507849078393e-02
1.163004656125698338e-01
-1.746264267039391860e-01
1.049177428080591418e-01
1.011888355256618752e+03
1.169227458278003496e+03
1.648995794157555317e-01
-1.887770730956124521e-01
1.095668739764708299e-01
-4.402421758898204807e-02
2.515488478260049371e-02
1.023102121740017273e-01
-1.557509516548775674e-01
1.041628065792885860e-01
7.346196515676706440e+02
8.426120415355601381e+02
1.537062696853163934e-01
-1.432296716370635159e-01
7.847523025828269383e-02
-2.370585278476395816e-02
-1.341938860026884589e-02
1.393038196050971067e-01
-1.836640894915326228e-01
7.464307595754683666e-02
2.020951163615713995e+02
8.421106664332381797e+02
1.694703950205235232e-01
-1.633357104178032315e-01
1.063758700735202845e-01
-7.268494477060401249e-02
1.138293015766142675e-02
1.136394706280936528e-01
-1.426507421938743025e-01
1.239271582727367454e-01
3.342061282871279104e+02
5.632680413558575765e+02
1.479100823579924118e-01
-1.132630748665832271e-01
7.152916619575122592e-02
-2.765904541070853678e-02
-4.298941180199686990e-02
1.525739583483184947e-01
-1.947736081085030269e-01
7.086019506282242864e-02
9.670378073922825024e+02
7.201391635072641293e+02
9.987332323598416273e-02
-6.868008983586668115e-02
8.443058344376117019e-02
4.982455488276169714e-03
-9.653090798160390840e-02
1.821621022362364395e-01
-1.936212824526509779e-01
1.169239812940582948e-02
5.633142356183075208e+02
1.208524500546173385e+03
1.362495581562511993e-01
-1.612921240557024793e-01
1.225492269845156051e-01
-2.579848303331434833e-02
-1.239812439718849385e-02
1.020535620661977283e-01
-9.923220544797069220e-02
5.381308288844758453e-02
1.280544706780670595e+03
1.083893899385192071e+03
9.271136934885838843e-02
-5.179390784623309069e-02
6.057295848167357916e-02
-3.488542037573980764e-02
-2.113703197312725990e-02
1.533499962379818449e-01
-2.008913540981955015e-01
5.813953026133189539e-02
1.689281159195783175e+03
1.809832634625700393e+03
1.365308537976781811e-01
-1.508394950382093425e-01
1.337155959897095014e-01
-1.167685062124516199e-01
5.239808301956353637e-02
9.900206750327331107e-02
-8.675850540420806944e-02
1.118124023835083969e-01
8.017658262899609554e+02
8.422422680669997135e+02
2.342647397009508803e-01
-2.487610922399364211e-01
4.486164594679595274e-02
-8.257001796447904080e-03
7.507593361478374916e-02
7.224721038716952481e-02
-1.811611873690687491e-01
1.535982845841775760e-02
3.073270257209688339e+02
8.942361612818167487e+02
1.481865890330827107e-01
-1.420389862043302531e-01
1.060055542682145635e-01
-4.375895389211808401e-02
-2.755672123908382148e-02
1.282682192310270197e-01
-1.362760244269562993e-01
8.899339089819574555e-02
8.190522269202939469e+02
1.040879809630474028e+03
1.388224562599354450e-01
-1.385050968509498603e-01
1.038548051748458267e-01
-4.335994652046067793e-02
1.509482195611482449e-03
8.707263627109047832e-02
-1.551350594397234162e-01
5.898252978659922208e-02
1.317475955559519434e+03
1.140281468659323082e+03
1.071133707262859891e-01
-9.032003837950287883e-02
6.966892586493628192e-02
5.030573174407540482e-03
-5.132162300890347195e-02
1.466615550825949854e-01
-1.799224565997294689e-01
1.523877436622382564e-02
6.456576490870807561e+01
7.488403111640935776e+02
1.698737148302412181e-01
-1.502238945682978499e-01
1.104094025998000606e-01
-9.150659357829331320e-02
3.026601260058894849e-04
1.327842796903994649e-01
-1.392177975649858956e-01
1.409983013348612424e-01
3.026146401130678782e+02
7.945031663736594965e+02
1.486201406961644989e-01
-1.360490393217116400e-01
1.022909093128040459e-01
-5.593628111928811153e-02
-1.293043355961757609e-02
1.350186487783275324e-01
-1.565775204005229182e-01
1.110113388175755222e-01
3.874460676045590617e+02
8.145467303894927227e+02
1.574183443619749101e-01
-1.593738264728306320e-01
9.999997874352020699e-02
-2.637378812112101123e-02
-2.023572049475990536e-02
1.168746710286579643e-01
-1.584945527961712231e-01
7.822685713640152583e-02
1.324521194023712951e+02
6.567994113929388504e+02
1.843014413911077676e-01
-1.609494177095381340e-01
1.009397929908683045e-01
-9.174555857504217149e-02
1.030155738255954419e-02
1.293931868048393830e-01
-1.656512223860927280e-01
1.525710610458608507e-01
1.909616252002840611e+03
1.845669060232104584e+03
6.732480573348975650e-02
-8.812542055046374001e-02
1.609713725559125674e-01
-6.904894244127419978e-02
-3.006428113462484078e-02
1.272462717408367749e-01
-9.636203127385009615e-02
9.048920065098643717e-02
6.498279005770680214e+02
9.255814368615647254e+02
1.386984058270690767e-01
-1.294578354914447949e-01
9.508502518974513984e-02
-1.763372913641102560e-02
-5.329465567032246054e-02
1.446205039050610652e-01
-1.455755607043646149e-01
4.323707979639970084e-02
1.859409681971308430e+02
8.598232607613474556e+02
2.005145729340085392e-01
-2.294786411022168016e-01
1.192187054728046924e-01
-2.940777220689708149e-02
-8.658699145890694227e-04
8.558250952079779483e-02
-1.173463269680692644e-01
6.776190550753977138e-02
2.868546193285196182e+02
6.808962863338829266e+02
1.535520829057541725e-01
-1.277061525667171626e-01
5.039925552744264903e-02
-2.601200336603831653e-02
1.374864410215242971e-02
1.174021391942401127e-01
-1.915677541927616745e-01
5.777309977549969361e-02
1.378300213526891184e+03
1.109210946125033161e+03
8.586825935155957545e-02
-6.208627933679154720e-02
9.931006534903889793e-02
-3.398093053962079196e-02
-5.506359378463088206e-02
1.574411741179741475e-01
-1.748923181818336781e-01
4.469629032238079530e-02
7.214211152956919477e+02
1.376219985091151784e+03
1.444533162439376739e-01
-1.757040757624500071e-01
1.617356193925613694e-01
-8.755861728296235325e-02
2.312092077386553729e-02
5.561844373005412484e-02
-7.496342020804287742e-02
9.062247937660369845e-02
2.720171165609065724e+02
1.120234232797495451e+03
1.439982037545786409e-01
-1.580036519608085943e-01
1.530453651332324416e-01
-7.644550392100168956e-02
-2.065190969023764436e-02
1.108132892963244187e-01
-8.278905698005302460e-02
1.177288524893110172e-01
5.821578993978220069e+02
1.183084970123418998e+03
1.382039790300634008e-01
-1.180339638698070098e-01
1.046688388469898534e-01
-1.037486687260419371e-01
2.748834708607572272e-02
1.198626783164184612e-01
-1.232009475133838822e-01
1.330321909766204458e-01
4.810684231895576204e+02
6.302871505146895288e+02
1.378329423433606593e-01
-9.082853444524852105e-02
5.462831469433598874e-02
-3.809922761330832019e-02
-2.238968619780055958e-02
1.445843255464695221e-01
-2.072481008787189216e-01
6.813928902493393558e-02
1.151802210698033377e+03
1.336059179829918094e+03
7.954571623426882898e-02
-5.289262391069506075e-02
9.915089339177268757e-02
-6.082016641287367464e-02
-2.730253294341376813e-02
1.377410558137383279e-01
-1.467041417199625442e-01
8.379548532391081772e-02
9.965829322163694997e+02
1.250368805136386754e+03
1.053745663442330199e-01
-8.394356737993804995e-02
8.270192243065253856e-02
-6.657134405489995022e-02
2.315113441169980302e-02
1.099994920177150282e-01
-1.632093323895904557e-01
9.468375045891161412e-02
3.073454597333005722e+02
8.459699273174651353e+02
1.437909637404261587e-01
-1.247720385992002884e-01
9.915036967404425305e-02
-7.634939259570558412e-02
7.469821245591803591e-03
1.256429144546621635e-01
-1.589721541445127118e-01
1.289321192560024532e-01
4.207077104345587770e+01
9.537394880621345692e+02
1.591164240135774510e-01
-1.656945322743326454e-01
1.329364493424581017e-01
-7.243456115362018055e-02
-9.857885965426544522e-03
1.063695519809039480e-01
-1.043878359188201987e-01
1.224960337977097358e-01
3.436311972787393643e+02
7.751645976997356229e+02
1.692144828312714122e-01
-1.600459417696561970e-01
8.852953149651515696e-02
-5.190111593518770272e-02
8.400168529888795560e-03
1.237784724470233910e-01
-1.653467544370407216e-01
1.023429509332231674e-01
8.776895757630869639e+02
1.065035524935037074e+03
1.238176514936098066e-01
-1.120065049583460620e-01
1.030212763350604466e-01
-4.264019171339523961e-02
-3.225312214949199729e-02
1.275245054642634990e-01
-1.601763168749349431e-01
8.398484174032390392e-02
2.160583087404633034e+02
7.436896439572394684e+02
1.590283433682858072e-01
-1.258027997363726502e-01
8.937203446086514069e-02
-8.988241051935544346e-02
9.059185252463262950e-03
1.365999063380267387e-01
-1.719003591568075417e-01
1.517216834436589390e-01
8.542335022889756146e+01
6.287061997086682368e+02
1.518610765115518957e-01
-1.355415762136756297e-01
9.835001921722544282e-02
-4.106798493752968765e-02
-3.187541821234318035e-02
1.352832174736453286e-01
-1.702471970713199112e-01
1.078255058347003942e-01
4.468870544356395840e+02
8.444604416535705695e+02
1.458802009725266025e-01
-1.360623692458089451e-01
1.010173652232415065e-01
-4.673395192451711838e-02
-1.951914205753731146e-02
1.242959670729814059e-01
-1.630191117856141236e-01
9.930340942653149983e-02
6.357816795236885810e+02
1.056530721028412700e+03
1.116492617385899666e-01
-6.716661788088770790e-02
7.485513853820803531e-02
-1.100840481976044366e-01
5.173562957105407034e-02
1.098086184736759702e-01
-1.820025284806113530e-01
1.493870253074202903e-01
1.204885860068577585e+02
6.486463369206680909e+02
1.797291710652365038e-01
-1.875447861463353794e-01
1.112298941747313918e-01
-2.058854210210751476e-02
-3.934981663844815125e-02
1.233023359630920496e-01
-1.459314667637217067e-01
7.195037052204258932e-02
2.022882666482501293e+02
7.832634602512553101e+02
1.647698362831969687e-01
-1.713785259442790476e-01
1.090045406113591131e-01
-3.355612972419332735e-02
-1.686143627931593197e-02
1.127648963522793618e-01
-1.462812305156325487e-01
8.854854487309890554e-02
6.821282164920313562e+01
7.731543901994527914e+02
1.687963386618003547e-01
-1.788365068632785659e-01
1.227013134974461461e-01
-3.616637130893067542e-02
-3.389190284371926265e-02
1.246004070626219595e-01
-1.383303178113875209e-01
1.180483627181724005e-01
6.135505270213517406e+02
9.639883317754963628e+02
1.273939657605452358e-01
-1.076537464549448125e-01
8.854379926351249597e-02
-5.958542927366064501e-02
6.909280948188422158e-03
1.147878410981406638e-01
-1.747447996168252082e-01
1.087958216980753623e-01
1.174883855411002969e+03
1.249787229906206449e+03
9.442891991733973200e-02
-5.778159772054736881e-02
7.544857370708606126e-02
-8.118794962882927568e-02
2.999722801431695118e-02
1.034842592850531012e-01
-1.845793095103283044e-01
1.002939146467855674e-01
3.415800211046075106e+02
7.832494135622418980e+02
1.501960159027822539e-01
-1.349312262657077488e-01
9.438957919700963206e-02
-5.328642521398724297e-02
-8.716554531466191857e-03
1.257148854212905564e-01
-1.570857763874058122e-01
8.560872453689191697e-02
8.508818723579649941e+02
1.108428399033386313e+03
1.302130043872340714e-01
-1.169559713226335229e-01
9.022469499175905794e-02
-4.611666097121053243e-02
-7.428018888202407230e-03
1.147824860690218884e-01
-1.571044716849558931e-01
7.638916518257052313e-02
9.674205300287169393e+02
9.476010669460212057e+02
9.918309884332723869e-02
-4.049767195961636451e-02
5.477509326798159911e-02
-6.067869902386324038e-02
-1.435944768467046530e-02
1.491899416577214532e-01
-2.052347713495114023e-01
8.047501674757383261e-02
3.521340227672749847e+02
8.432075706977720984e+02
1.287392474683748123e-01
-9.807338237775140022e-02
9.323241438066444398e-02
-7.759473775069422596e-02
1.920643090488468804e-03
1.221877435718032451e-01
-1.604812866432012153e-01
1.067465587868368926e-01
1.626476072093159928e+02
7.702177433642201549e+02
1.443856043996121774e-01
-1.224420386583382203e-01
1.042905117975426038e-01
-8.554913822165782777e-02
7.158974242828462439e-03
1.321377175441769969e-01
-1.666666567169758639e-01
1.607154197850073629e-01
2.714705817286203455e+02
8.490990482461922966e+02
1.557082597410896774e-01
-1.444415088072122377e-01
8.080302137527739514e-02
-4.907295976589811509e-02
2.295654645067543229e-02
9.675561269659288532e-02
-1.516068841964864355e-01
6.768669460158063811e-02
7.060571258519689763e+02
1.012760162676469236e+03
1.153641293052962147e-01
-8.602358405755408666e-02
8.098813092173988426e-02
-7.070654643323882882e-02
1.437586236676562795e-02
1.254472312644143439e-01
-1.802643055669245209e-01
1.188419024961321208e-01
1.116424864332173456e+03
1.244246523810987810e+03
8.566883768713953740e-02
-7.565353081780198941e-02
1.164538244845880754e-01
-5.989485446825160153e-02
-7.109246207208472224e-03
9.561816924458824141e-02
-1.503481335969817645e-01
6.534724993682006211e-02
7.710564838624825370e+02
1.201850944995588861e+03
1.343484736724415152e-01
-1.482881224030263567e-01
1.136498399458371333e-01
-4.244142663068477261e-02
4.211840438515119731e-03
9.667823287560763090e-02
-1.346333314608967047e-01
8.644788720879316435e-02
2.104145818283522260e+02
8.487404650519155211e+02
1.762398269100761139e-01
-1.884708477945016281e-01
1.123982135598691062e-01
-3.394943338230963642e-02
-1.453367234378885077e-02
1.116429659933883128e-01
-1.288142423285275062e-01
8.269929849180222836e-02
3.522576312596386572e+01
4.847176254614807931e+02
1.882527003561523526e-01
-1.713948684579208459e-01
7.287612860650678759e-02
-3.016222031854920438e-02
-9.602676663821750266e-03
1.309511791184513052e-01
-1.873739418727444761e-01
8.938331875378935365e-02
2.835182581601806078e+02
7.151276897099745611e+02
1.518107979155598752e-01
-1.367989518082448619e-01
8.447839330966602778e-02
-3.356206791799710293e-02
-1.512133577048570786e-02
1.184967168034249119e-01
-1.740754685808290070e-01
7.830861433892229162e-02
1.183706470718914829e+02
6.433427337971827455e+02
1.529509043464919726e-01
-1.531084371512852482e-01
1.102118566891032991e-01
-2.684986259127444125e-02
-3.682118974277393680e-02
1.221491199247720927e-01
-1.633888791265419305e-01
9.041610032816624343e-02
1.202268996473402467e+02
6.753844837721667318e+02
1.439785124636336622e-01
-1.151152083864546705e-01
9.751203049677879819e-02
-8.546715590217547620e-02
4.990202017958427286e-03
1.388822660185682067e-01
-1.804897840838850243e-01
1.629057448298818489e-01
1.296588067022816801e+02
7.156933182658544865e+02
1.746680181341526139e-01
-1.773761014443513695e-01
1.063615756534911500e-01
-3.414987219231228194e-02
-2.140896010035089891e-02
1.187860374040146244e-01
-1.354818563738420800e-01
6.618112253397846756e-02
8.777021342729756270e+01
7.404040859791412004e+02
1.564429191896589411e-01
-1.267204930973676591e-01
8.562295191301663722e-02
-8.810607869251858848e-02
2.741027293970243334e-02
1.115736672919379752e-01
-1.554833511725959572e-01
1.118684917892480563e-01
2.037433837536781311e+02
8.816297264087972962e+02
1.437482825728913227e-01
-1.295233528659625044e-01
9.719165999447695881e-02
-6.439797949812994804e-02
1.336598141369021650e-02
9.595732785423652378e-02
-1.405007166140608832e-01
8.651390699580893684e-02
1.476657875205881965e+01
6.355093053654504729e+02
1.594256452401162094e-01
-1.284730990408426421e-01
8.550561772995560195e-02
-8.129456674060234200e-02
1.783602836731211505e-02
1.161643729174003381e-01
-1.626198146149199497e-01
1.070670717617388384e-01
3.034270837682356614e+01
7.219966309303080152e+02
1.911546104349269859e-01
-2.021376273886514863e-01
1.161759474696699157e-01
-3.094470872326619479e-02
-3.370293413229911300e-02
1.273197569918222416e-01
-1.071362978411716793e-01
5.228770072772154914e-02
2.379182618243676188e+02
6.961126672592693012e+02
1.480367691480356518e-01
-1.266067949954988170e-01
8.785641312877429110e-02
-5.690707879383827272e-02
1.087442099298275427e-03
1.184335797545769259e-01
-1.849795642796856487e-01
1.183167789628911670e-01
1.962665848751854867e+02
7.854703534784912335e+02
1.511000010767084567e-01
-1.371004268323641195e-01
9.389787126086844571e-02
-5.674230436015101353e-02
4.342226276423282946e-03
1.136648296654620693e-01
-1.577014765329409207e-01
1.019706373631589780e-01
6.498836206507526185e+02
1.050928178891285597e+03
1.317260798248456322e-01
-1.225586161469578439e-01
9.633448625865315140e-02
-5.448796035995855103e-02
6.035321967073249347e-03
1.076526604681848354e-01
-1.603716826445422128e-01
1.038052540126082612e-01
1.008477433035457977e+02
7.690194575517452904e+02
1.551687928778120451e-01
-1.576303271759283420e-01
1.232761269207547222e-01
-5.376441631131860521e-02
-1.913176906726794801e-02
1.122593546151736538e-01
-1.323802352774637869e-01
9.562152567308437878e-02
4.158749338231282877e+02
8.924458123464157779e+02
1.379729704449202954e-01
-1.246253457677312243e-01
9.578292668297461177e-02
-5.847540679999277402e-02
4.289326289878747298e-03
1.126887376820534387e-01
-1.586955067007053966e-01
9.770642526370075520e-02
1.878642410269437448e+02
7.083412681671245537e+02
1.512985862137670445e-01
-1.329532202449969502e-01
9.845995830859935460e-02
-5.485873839040854988e-02
-1.753049101595239787e-02
1.263459042121796438e-01
-1.614500526964013360e-01
1.014661950463480594e-01
2.960023768572856397e+02
8.565994747932529663e+02
1.555919989269788639e-01
-1.517481519627758568e-01
1.023285768489082675e-01
-4.802720510896247436e-02
-4.219706365729922193e-03
1.100533903253184259e-01
-1.457436093856205594e-01
8.924167991770717845e-02
1.122171657185789826e+02
7.880490555198662150e+02
1.588617925288481891e-01
-1.543930625836908987e-01
1.070368550784993739e-01
-6.436002470030670330e-02
7.277345511400325033e-03
1.160212264843944047e-01
-1.297067828391261224e-01
8.718860539092562756e-02
4.846430606506014556e+02
9.749530345808906304e+02
1.212753065307862477e-01
-1.080736074737760205e-01
1.068519494028725841e-01
-7.125064507777803535e-02
5.358823284443842150e-03
1.132883604053794013e-01
-1.645442615180742751e-01
1.347354503645809831e-01
7.603085085308680391e+01
7.266562986916868567e+02
1.802070068134334901e-01
-1.864390064446541928e-01
1.083284710824203578e-01
-4.427347665880401045e-02
-8.742472062866544699e-03
1.234642912239613810e-01
-1.387477021766900243e-01
9.867478085927705589e-02
2.707241418895692959e+02
8.171020212966276404e+02
1.527796592690190136e-01
-1.223588985764794412e-01
7.990301604754605769e-02
-7.561295510449375645e-02
1.599159714940934229e-02
1.208608632613052819e-01
-1.625520130547459807e-01
1.110095603115633933e-01
1.402044612343370886e+02
6.732083435774841291e+02
1.544834690049036174e-01
-1.316365435088797664e-01
9.154195306346052385e-02
-5.847457671154229070e-02
-1.043220490489716115e-02
1.267867205590738067e-01
-1.541817246278563425e-01
8.029403404110389830e-02
2.338359007924262869e+02
6.996168201758904388e+02
1.665630604646455293e-01
-1.615625072694626962e-01
1.046437074559683211e-01
-3.822003867004751532e-02
-3.010728092062166933e-02
1.289306308758433606e-01
-1.556743910272701259e-01
8.879741158196326201e-02
5.429062493300480128e+02
9.272653290204650602e+02
1.376774467528913415e-01
-1.181862476894928737e-01
9.154985666847344217e-02
-6.065973774173701732e-02
-2.174323654417250132e-03
1.249410311441924992e-01
-1.765670947460982743e-01
1.293743571738965037e-01
3.087882987234723942e+02
7.976503432724689446e+02
1.333365505238555959e-01
-9.489838488520462023e-02
7.892687944208080786e-02
-8.783358685303624402e-02
2.411525820229920222e-02
1.180389305393671762e-01
-1.757038502371643940e-01
1.187154713352445989e-01
6.195086240776530673e+01
8.349281168712290082e+02
1.549571877631915340e-01
-1.532937701565159905e-01
1.160244820066902299e-01
-6.939278156401378073e-02
7.486273322145989458e-03
1.076626632965834024e-01
-1.193938536111682214e-01
9.327397151966636268e-02
3.113265757223672381e+02
8.577461473056285968e+02
1.383011187167927369e-01
-1.083243629967626520e-01
8.395820047520997920e-02
-8.102079717939951464e-02
2.271850831922927333e-02
1.120144984926850357e-01
-1.655308366807896336e-01
1.160664321329597515e-01
7.898761357631546787e+01
7.266881191980421590e+02
1.635217570372842766e-01
-1.415784093808924171e-01
8.679513882885302178e-02
-7.697445301804782536e-02
2.666276856523570188e-02
1.101561457609846195e-01
-1.639114541517690538e-01
1.238240934433726542e-01
1.828308304991281261e+02
7.864878393338096885e+02
1.346234206220571217e-01
-9.162579293525807689e-02
7.895168389726077429e-02
-1.025267426042353602e-01
4.050751769505058636e-02
1.045588093547117209e-01
-1.792303330837997366e-01
1.413371589968523134e-01
5.096581929783373255e+01
7.913393814434646174e+02
1.765933288149896807e-01
-1.792504170038218547e-01
1.122011895998097780e-01
-6.220147567211117834e-02
4.636177409100357763e-03
1.127096136146118754e-01
-1.109560630702234457e-01
7.309289136922025865e-02
2.057897996010563304e+02
7.944747945262403164e+02
1.495021514344588853e-01
-1.195377334910191769e-01
8.345542480206591396e-02
-8.222753810172504785e-02
2.307535535598063264e-02
1.138396310255976734e-01
-1.543599370488956402e-01
9.945711892078679117e-02
1.962483544065566434e+02
7.472123769419515611e+02
1.426591067013902869e-01
-1.072235110417026627e-01
8.293727648575696665e-02
-9.057954640373654109e-02
2.881463553771160258e-02
1.094339956099656397e-01
-1.759925253875214701e-01
1.271424815903595684e-01
1.789034090119886287e+02
8.550001077323520349e+02
1.509189747703416629e-01
-1.374887892121907373e-01
9.695599869838490703e-02
-6.529307899489386613e-02
9.667872439609823468e-03
1.127472065518793087e-01
-1.457927750633163100e-01
1.091142020237268334e-01
2.372471051099948625e+02
8.193793052726991846e+02
1.343302594046192344e-01
-1.139697236673698766e-01
1.030819557568196376e-01
-8.936070304636709039e-02
2.018745497918182294e-02
1.163284429415033516e-01
-1.723663099271943444e-01
1.578756803149051757e-01
2.616184874516566197e+02
8.360487243780411291e+02
1.372748355031388756e-01
-1.153259909260305194e-01
9.751413164827101021e-02
-8.639470159200371424e-02
2.280886451462128470e-02
1.139113112994951382e-01
-1.781476283998744414e-01
1.620598517453259724e-01
1.671320373187519408e+02
8.103571294732495289e+02
1.484649462405777387e-01
-1.312956758395220358e-01
9.657125001079375215e-02
-7.541256007377010462e-02
1.869021005724049583e-02
1.117831173980313314e-01
-1.380695432036664339e-01
8.750837348024438633e-02
1.865012746943405091e+02
7.879959443313950942e+02
1.590462474793782055e-01
-1.469581122866656375e-01
9.820013380032138750e-02
-6.990807248502037274e-02
1.089765306042599080e-02
1.222342175972653405e-01
-1.634452105151428802e-01
1.393661243809336814e-01
2.477492744442609762e+02
8.333962640340953385e+02
1.502380523061369322e-01
-1.263718142912698683e-01
9.281516259579425387e-02
-8.182895062525233354e-02
1.621134107297929339e-02
1.202100841956735833e-01
-1.646591554899023147e-01
1.407107463682562010e-01
2.424990567594854269e+02
9.006196780058189688e+02
1.351867140448436977e-01
-1.095611046924806070e-01
9.460807376915941758e-02
-8.785604791465205510e-02
2.516883067231735424e-02
1.051420789027375791e-01
-1.452293066421312950e-01
1.088653373429568499e-01
2.526627225991189789e+02
6.543033340865482614e+02
1.448089789393038063e-01
-1.147185656024834882e-01
7.880395133949595621e-02
-5.978879016979379846e-02
4.030021377064083032e-03
1.240043437242482754e-01
-1.929526386396917537e-01
1.130035849096093642e-01
3.717794758151327983e+01
6.838331878659460017e+02
1.547409047850462072e-01
-1.226101416199102956e-01
7.910622610177509006e-02
-7.927238859315019481e-02
2.571026442834783293e-02
1.116860288511565685e-01
-1.614803907200058897e-01
1.006064875874779219e-01
1.941897814921593408e+02
9.520850855090500318e+02
1.691040303055174054e-01
-1.818157619451789553e-01
1.201548536390586175e-01
-4.929417054935867487e-02
-5.180720297329074325e-03
1.082141113192892495e-01
-1.118614953479293017e-01
9.380937586232350467e-02
5.209159723880674875e+01
6.429001001309933372e+02
1.608870906752530860e-01
-1.343327458091424231e-01
8.764822078096684566e-02
-7.030697858618238649e-02
8.559277642202930275e-03
1.129016644772990463e-01
-1.583619780785139597e-01
8.964721833009600682e-02
6.296000039165384976e+01
7.424274640943743861e+02
1.617956217561346277e-01
-1.586246330797408954e-01
1.159897062502623505e-01
-6.528819764409640736e-02
-7.317470925285874360e-03
1.225609615650776335e-01
-1.369100785458195191e-01
1.122220370045716453e-01
3.193736202557582260e+01
6.891378863041584282e+02
1.573677418521091664e-01
-1.403845642265149629e-01
1.016047903354599102e-01
-7.111425736381060680e-02
5.147639225075612522e-03
1.111984465461658550e-01
-1.415687666676244683e-01
8.692809644279582415e-02
1.986500149286479768e+02
9.064881222735024267e+02
1.376469206091320563e-01
-1.222737179819988196e-01
1.066679702225951931e-01
-8.525076849704263382e-02
2.221975763253408731e-02
1.018531956079112150e-01
-1.340983567142531308e-01
1.073832671109228448e-01
1.136938744293108527e+02
7.572947648927466844e+02
1.406015785352859038e-01
-1.178686012295004082e-01
1.014614402456365666e-01
-8.845603762133363857e-02
1.890821861732571579e-02
1.125286025290588021e-01
-1.603642611930073680e-01
1.329569033509841458e-01
9.649586322829372875e+01
7.737431243772405196e+02
1.628292385618928806e-01
-1.539801218459644350e-01
1.063445624797731554e-01
-6.525815221773019481e-02
-2.076518270777635844e-04
1.153890544873723834e-01
-1.369623790184402723e-01
1.006411073660795352e-01
1.609593736131337494e+02
7.277299610972619348e+02
1.459701313356885355e-01
-1.064885258336855101e-01
7.431225112741352001e-02
-9.370818502916097859e-02
3.755199432829878919e-02
1.151884096912375033e-01
-1.800836885488687755e-01
1.325391729404648000e-01
1.300472341378897170e+02
7.568397075740247146e+02
1.471127156374890943e-01
-1.004512354649996636e-01
6.249127636764731375e-02
-8.745761042848540501e-02
3.983633276344782786e-02
1.027742669018877203e-01
-1.649414754582902987e-01
8.932664135024520613e-02
7.562194756984688127e+01
7.396049290717598979e+02
1.695082389048630789e-01
-1.522061626739055762e-01
9.094278640074229814e-02
-7.232724886381042273e-02
2.042906732021784050e-02
1.095858233478617938e-01
-1.506905592939989103e-01
1.072233507654000162e-01
7.014486513422241387e+01
8.155729432801133498e+02
1.596826376479967002e-01
-1.514416204869133420e-01
1.032159820743195344e-01
-6.092175895759569665e-02
2.415412211011144783e-04
1.152469919307830687e-01
-1.166092721257942222e-01
6.777546262347466932e-02
1.126784371890775276e+02
8.126165460904494466e+02
1.600845641060832936e-01
-1.472151208364832209e-01
1.003840873968352837e-01
-7.604515619611668109e-02
1.906905158684680732e-02
1.088292822660775622e-01
-1.509008275533842702e-01
1.304539521925190126e-01
1.644655548438229573e+02
8.980031733820112549e+02
1.373619710333655319e-01
-1.246602612019696021e-01
1.088871641983530786e-01
-7.660799631727639725e-02
1.082231106172311906e-02
1.073663786204926140e-01
-1.285513082066895574e-01
9.952404976066410447e-02
2.130814999099188469e+02
8.781653865195065691e+02
1.415495872819951539e-01
-1.263222206374176038e-01
1.076775853669084682e-01
-7.920651371296957843e-02
7.635812808519752519e-03
1.113421994914271240e-01
-1.324534381500485358e-01
9.964391743157995085e-02
3.066544372160137186e+02
9.437219311834261362e+02
1.345383445773415954e-01
-1.134615217704648127e-01
9.161848718688385407e-02
-6.648476319373156085e-02
6.199269618158899375e-03
1.138839399332775004e-01
-1.519436394772439580e-01
1.128158419952046826e-01
8.976432478165278894e+01
8.086814476796068902e+02
1.450279082228653205e-01
-1.161550378993000399e-01
8.639595955237175384e-02
-8.473241104155290748e-02
2.966768666327465956e-02
1.040219192349121774e-01
-1.533013833581411967e-01
1.136563107206127465e-01
1.125528710670369890e+02
7.986803424051939828e+02
1.480950315914606463e-01
-1.240063583568735972e-01
9.144946462287088795e-02
-8.276400452588766887e-02
2.585170476277171003e-02
1.076001060335044085e-01
-1.549483576420130071e-01
1.201954248852938612e-01
6.658370348545875572e+01
7.499952346465672690e+02
1.505651482201885438e-01
-1.270836870826587139e-01
9.386895400328584826e-02
-7.685255438429033914e-02
1.507086565502745168e-02
1.082759370671747684e-01
-1.527861347473162545e-01
1.092246683877067248e-01
1.501152818129032198e+02
7.925445027433670475e+02
1.549825922132895273e-01
-1.222894754659858002e-01
7.386989750170691593e-02
-7.144899040487517894e-02
2.002153449836472851e-02
1.107028028298722155e-01
-1.340465238621055544e-01
4.975083423426166634e-02
1.633958217681984308e+02
8.878950072809121821e+02
1.525602554971028091e-01
-1.402869477434481038e-01
1.070238318538239974e-01
-8.403610176175087265e-02
2.052194137989579725e-02
1.023488357054824355e-01
-1.201833153725179737e-01
8.847451457625063465e-02
5.422500439256133120e+00
7.210655061490108437e+02
1.650290262947470832e-01
-1.576455037210103827e-01
1.056070142190073530e-01
-5.379950447107791078e-02
-7.972182346449630669e-03
1.114567188242924778e-01
-1.306867959076095931e-01
7.674289383969774836e-02
1.195912563691101695e+02
8.257508084983024901e+02
1.593865117081731120e-01
-1.425327633015321394e-01
1.032258443519831898e-01
-9.586498338961531307e-02
3.358747208520186656e-02
1.012929169328294077e-01
-1.419310515895191305e-01
1.261084472110166610e-01
2.968335133792557912e+01
8.024035701218456325e+02
1.811301817290005833e-01
-1.855803684020428390e-01
1.160245694482437001e-01
-6.484748321047607844e-02
5.112555304440319706e-03
1.074019455501073333e-01
-1.050796265177889044e-01
7.281865052829532281e-02
6.995445175373450297e+01
7.768889796687626585e+02
1.670484771406260116e-01
-1.606592621929307241e-01
1.094277484030127534e-01
-6.773320264860824280e-02
4.802532049052439175e-03
1.045656207738400040e-01
-1.210276615599735761e-01
7.470114512690274877e-02
1.518022646097131201e+02
8.569126852947651969e+02
1.438478961733550554e-01
-1.129987588017751926e-01
8.740460254568227505e-02
-9.427830495868409766e-02
3.598084208236187326e-02
9.993306823799100180e-02
-1.334895402602897241e-01
8.350580291792764065e-02
4.576367567326835939e+01
7.242783044163523982e+02
1.598019413135576550e-01
-1.386761812253002046e-01
9.637130928908310690e-02
-8.177857304618198209e-02
2.075613470084503379e-02
1.054022818163394409e-01
-1.490427872879805382e-01
1.075702435427713655e-01
1.152362282678544290e+02
8.656349827892515805e+02
1.484540061409026501e-01
-1.285959723203409788e-01
9.753017358307458640e-02
-8.008330986499725967e-02
1.804964924914908078e-02
1.038630523457618748e-01
-1.158882065878989176e-01
6.495561893560894418e-02
5.771542805007363341e+01
8.218331237857112228e+02
1.565128961418834896e-01
-1.325119054046900446e-01
9.556484420207289610e-02
-1.031681734790768634e-01
4.425298776950793017e-02
9.872618205573800709e-02
-1.286163597927072189e-01
9.987026840113547022e-02
3.521154331520023106e+01
7.967918488407769928e+02
1.584851536191027033e-01
-1.344664872604405814e-01
9.089454684840070353e-02
-8.818942470222357333e-02
3.245493826117099023e-02
1.024814071947761918e-01
-1.382482843224145663e-01
1.029420269665773102e-01
1.345053404546435161e+01
7.409995299964393780e+02
1.626636756403803674e-01
-1.512328259672455488e-01
1.104709916826420030e-01
-8.442872602418295680e-02
1.866458018855453316e-02
1.017842096387322481e-01
-1.332041989514319291e-01
1.037145701972091855e-01
1.688016036472096459e+02
8.753754373258880150e+02
1.443778853218484759e-01
-1.274679538539898183e-01
1.025851889460318439e-01
-7.910401283696173735e-02
1.454241603626939619e-02
1.057697006793195810e-01
-1.264650334280171540e-01
8.530567863768750980e-02
9.432333886402764733e+01
7.383837848068164931e+02
1.639249386003251985e-01
-1.471244819782856761e-01
1.002329380100338285e-01
-8.552423181926596674e-02
2.504655662399557503e-02
1.068696000532133455e-01
-1.607088624162726631e-01
1.382845034649923255e-01
8.319879125040085910e+01
8.052869277612767291e+02
1.603862947113723070e-01
-1.435565697633143512e-01
9.333145853460084185e-02
-7.309494134102349772e-02
1.972590451976822049e-02
1.078680024669288195e-01
-1.352061021724474676e-01
9.117923287853335612e-02
2.303721496404573656e+02
9.019248404475930556e+02
1.428508767138434721e-01
-1.245282896344829249e-01
9.198854494452425590e-02
-6.329202362232158596e-02
7.805183395164593148e-03
1.089642171554058153e-01
-1.545197903372249881e-01
1.168369421205636138e-01
2.385255185930374182e+02
9.428126434430172367e+02
1.454080597862640878e-01
-1.277849371225561192e-01
1.068441152076049089e-01
-1.037631249688303475e-01
3.783967406541048628e-02
9.724156068386860530e-02
-1.266699878506971633e-01
1.107677416595079095e-01
1.593277117065335062e+02
8.628551620397953457e+02
1.454612606081930604e-01
-1.238262582590283351e-01
9.778829945866471252e-02
-9.110698693041342777e-02
3.051178430750783876e-02
1.014741066462370861e-01
-1.401996656462730084e-01
1.098169428428274197e-01
6.545759379537548739e+01
7.463798270831871378e+02
1.593852732899375124e-01
-1.533464884089030811e-01
1.157994584561452545e-01
-6.566191179085163754e-02
-6.030356710101601389e-03
1.098696912684899579e-01
-1.312046090484665917e-01
9.171696681848075239e-02
1.041593613529638560e+02
8.267800915821084118e+02
1.567331528757834047e-01
-1.447874540937775234e-01
1.107329280769624447e-01
-9.022926699872765854e-02
2.439773185335365746e-02
1.010634756568233178e-01
-1.235920417027183971e-01
9.666911293963052765e-02
7.411821075680077797e+01
7.491207983685500267e+02
1.492113999234938870e-01
-1.240167185612549849e-01
9.024479567084676968e-02
-7.360634794092524302e-02
1.516830157065626045e-02
1.063784054220440478e-01
-1.494476912709531979e-01
9.305668716463885715e-02
1.023739136262521470e+02
8.312837900724852034e+02
1.518104647882016767e-01
-1.338788871042216055e-01
1.007687157814301238e-01
-8.254200828855332017e-02
1.950342099676189919e-02
1.054156920491402388e-01
-1.325707644495279225e-01
9.849342732750365759e-02
8.162596125448337148e+01
8.009981144708829106e+02
1.615767776638404596e-01
-1.437644403671402282e-01
9.468501148060390338e-02
-7.814784973634213150e-02
2.166829770485011880e-02
1.084185759921390962e-01
-1.300141844225131404e-01
8.598084408583703264e-02
1.245166375793064901e+02
7.792742531167782545e+02
1.476231377213308438e-01
-1.183102002753214504e-01
8.676108424072064007e-02
-8.168430768805179376e-02
2.031731064884392118e-02
1.112884217833829958e-01
-1.583028424037032089e-01
1.149192904634713380e-01
2.119853766297524089e+01
7.748856959080289926e+02
1.661884054634225338e-01
-1.554057141878987247e-01
1.105586175407724803e-01
-9.013587523409319346e-02
2.411020466997016928e-02
1.029250661549088453e-01
-9.551163121461912764e-02
4.575296799831689298e-02
6.625908375046910770e+00
7.181554439318347249e+02
1.701934402401757140e-01
-1.573559414387553368e-01
1.032724951325758450e-01
-7.923231155002394277e-02
1.791355786817801568e-02
1.088730988199780314e-01
-1.359852314268976403e-01
1.015620348008031693e-01
1.670606241989061402e+02
9.341005991104317445e+02
1.405467783399776405e-01
-1.215211735872442911e-01
1.037365730441213857e-01
-9.042586288485648938e-02
2.453964054536121597e-02
9.908475002257476072e-02
-9.938089058117774433e-02
5.090373705485821965e-02
2.105242977262738862e+02
8.926406046936534722e+02
1.490918963922920060e-01
-1.332103312897632286e-01
9.714051764363154651e-02
-7.172863124217201958e-02
1.236263866417412240e-02
1.098860166455446069e-01
-1.255920974144454916e-01
7.705684324561216936e-02
5.581621692774660204e+01
7.774557752290543249e+02
1.624178375970344590e-01
-1.525830623584958912e-01
1.053060032276096902e-01
-6.838604055045474639e-02
6.115154284807703712e-03
1.096061389042740780e-01
-1.209193876602284168e-01
7.288737823476854061e-02
7.536966645348424265e+01
7.752591226564030649e+02
1.592807542053938097e-01
-1.424701276490984991e-01
1.022778281899899971e-01
-8.715225303408614954e-02
2.480864406261416508e-02
1.033533662676077852e-01
-1.198913136955874759e-01
7.015592831622469161e-02
6.284044403928677980e+01
8.026052338156354153e+02
1.609856939013419308e-01
-1.469387060436210535e-01
1.038818825022049808e-01
-8.260850908395135639e-02
1.980008118143912477e-02
1.061846297609171652e-01
-1.197009798045071405e-01
8.091032906800788016e-02
3.933045309086202224e+01
8.117507398428972465e+02
1.590562870088552683e-01
-1.330107154281376658e-01
8.832775332918357813e-02
-8.918505402537309223e-02
3.352025802427800044e-02
1.013463040897607526e-01
-1.237489730705128715e-01
7.528766785282846319e-02
5.232691544470924327e-03
7.328354643821190848e+02
1.687862478459143389e-01
-1.583928894222724759e-01
1.104838140079309056e-01
-8.758463074088330969e-02
2.250709688084558124e-02
1.035428693033106362e-01
-1.182225452179190422e-01
8.140565503851349138e-02
4.284365963038517577e+01
8.010560604085271734e+02
1.607800376923843588e-01
-1.487141210849335093e-01
1.118619412322825885e-01
-9.534972889080314817e-02
2.714384901181419313e-02
1.014989184762138119e-01
-1.032576785732222252e-01
6.578855077399384244e-02
6.553303754649090251e+01
8.317044195106593634e+02
1.583337090994046403e-01
-1.456959034882305826e-01
1.050065455231786182e-01
-8.159704287546276635e-02
2.019766258101844680e-02
1.008479854361376132e-01
-9.517020741886733637e-02
3.619360739781399272e-02
6.032166134861427054e+01
7.996960580798991032e+02
1.559795058361121700e-01
-1.373355516775708884e-01
1.030166047409138419e-01
-8.950103257119859657e-02
2.368030563356035220e-02
1.021192008192693262e-01
-1.229512084904080121e-01
8.407967120994433441e-02
1.045625002724903396e+02
8.193840557202091759e+02
1.503457643579767522e-01
-1.312150747217877833e-01
9.774089990565607011e-02
-8.123066120973861104e-02
2.351246665793096935e-02
1.013549291337161179e-01
-1.585787315402940600e-01
1.373679272222813608e-01
3.172289648244026949e+01
8.076779185885751531e+02
1.609975540668600047e-01
-1.495541689352170300e-01
1.079834670302322885e-01
-8.109008501938509694e-02
1.603807238778475266e-02
1.033063902189049754e-01
-9.038957285784454676e-02
3.142188729643681511e-02
1.420048091720792911e+02
9.413216816310288095e+02
1.458220596720484208e-01
-1.263705519221858808e-01
9.582952231902842899e-02
-8.370258978407800476e-02
2.817232411060281369e-02
9.805571425564878207e-02
-1.315395859400637635e-01
1.076335752984528410e-01
4.172052461778058330e+01
7.663456385775840545e+02
1.621254143397638237e-01
-1.428471630690190952e-01
9.734444220555013572e-02
-8.730320993334132751e-02
2.887616078892121102e-02
1.035103486237955173e-01
-1.337911021041391646e-01
9.521404278845815861e-02
3.302520552491080963e+01
7.524715460285152631e+02
1.652927034498089254e-01
-1.530063289060944187e-01
1.105102620818984582e-01
-9.243647354942741146e-02
2.500144901158373248e-02
1.031802015300464087e-01
-9.739675484282586670e-02
4.262561191457171772e-02
1.071212173046450857e+02
8.546251854818924585e+02
1.462664300652105898e-01
-1.205978575311517642e-01
9.077993705626087595e-02
-8.621018777837771707e-02
2.661256711583973034e-02
1.055647365594170883e-01
-1.374767397757402088e-01
1.009077908916025390e-01
1.028581137519502278e+02
7.894982142635768696e+02
1.530756766538393654e-01
-1.345092808311392496e-01
1.018387140111282757e-01
-8.991140680954524955e-02
2.767320997951364103e-02
1.020085581562183291e-01
-1.360756691183219735e-01
9.843805735951416391e-02
2.807748256261238140e+01
7.487953126287519581e+02
1.698234903634975590e-01
-1.690073528113961998e-01
1.198999488595773460e-01
-7.125375409712336738e-02
2.583412284365113262e-03
1.030577591939522836e-01
-9.797866623095863314e-02
4.344266987570268024e-02
1.469947534020769524e+02
8.808378772598788373e+02
1.461824778009474524e-01
-1.221477932619393914e-01
9.553418948343167516e-02
-8.984758617380073087e-02
2.791418389376417244e-02
9.864225843142900019e-02
-9.158526900236971247e-02
1.677366877388476035e-02
4.439988230995347607e+01
7.847075962965424196e+02
1.611150495190196152e-01
-1.501517891213098865e-01
1.050385188092838040e-01
-7.338786629839680331e-02
1.217610134594082280e-02
1.058143897230690023e-01
-1.235531024867041749e-01
8.118443393286205179e-02
7.485730027689292854e+00
7.851181068159295364e+02
1.675582304099689779e-01
-1.587096852808285996e-01
1.067280353910661089e-01
-7.780040767246193534e-02
1.848533298956418422e-02
1.007091703153989992e-01
-9.274939893819501846e-02
3.157547479768467447e-02
1.269953270379351977e+02
8.240017430434351127e+02
1.503594597373515140e-01
-1.299941967099033646e-01
9.968301127718703913e-02
-8.604470629814861549e-02
2.167894734692615843e-02
1.053850613585465834e-01
-1.289054517601738170e-01
8.602166192647592302e-02
1.453165405796310097e+02
9.435213527932844499e+02
1.437427552976368317e-01
-1.238381766628820074e-01
9.824545879465289289e-02
-8.834030344829471582e-02
3.028242813275359643e-02
9.466641415849159913e-02
-9.915202346367948949e-02
4.702816785100234764e-02
2.550676412412934724e+01
8.414546988252009214e+02
1.639908607993879608e-01
-1.526749923664937614e-01
1.038475211935716847e-01
-8.361296517054160604e-02
2.684029315982308303e-02
9.781799394724938201e-02
-9.246570632872810891e-02
4.032773851374068380e-02
1.018326440532764678e+02
8.456199629489799463e+02
1.547987596773426622e-01
-1.425807119233282738e-01
1.073768173829256767e-01
-8.255370774699374858e-02
1.828024031386440290e-02
1.012145798767315197e-01
-8.756399274899030749e-02
2.195418186775456929e-02
2.904448569129272784e+01
8.122098742705381937e+02
1.596459351158696915e-01
-1.479708184862683351e-01
1.084627632293127669e-01
-8.334933656176374273e-02
1.859271607565161910e-02
1.021426097463243865e-01
-9.445597751931954222e-02
4.141127147566468769e-02
9.557311052469795953e+00
7.899966360301245913e+02
1.640666637992499455e-01
-1.513829782508822330e-01
1.066167298966163163e-01
-8.347276464004689533e-02
1.911602056124615118e-02
1.024622865311434067e-01
-9.791442187797297358e-02
4.511313154177627044e-02
4.542094786589407107e+01
8.357107187669321320e+02
1.595719439605675638e-01
-1.431719555347178430e-01
1.003700821713587182e-01
-7.866409476863304995e-02
1.583414406514790582e-02
1.026743310769635958e-01
-8.282953570459905546e-02
1.022997859029060527e-02
4.808507989812858341e+01
7.476961507539356262e+02
1.601770165359009679e-01
-1.463080697601129576e-01
1.058059026309970119e-01
-8.627172380030136145e-02
2.496904041835345395e-02
1.016832170435216925e-01
-1.443977944745580277e-01
1.171439498981650812e-01
5.720966140146509105e+01
7.668752902356584400e+02
1.627965870435367501e-01
-1.467807394616480188e-01
1.041304821950458925e-01
-9.348156912075826497e-02
3.162379390569829835e-02
1.010607952013014843e-01
-1.266311399990944497e-01
9.028902626142351617e-02
4.226310223733430860e+01
8.060941191951956171e+02
1.620473730301522641e-01
-1.506139375869566255e-01
1.073744422988968106e-01
-8.350879371174689536e-02
2.068926314468070085e-02
1.017513299896747880e-01
-1.084221149350513141e-01
6.518594150137967114e-02
8.412125471465260773e+01
8.475610564622702441e+02
1.566620051979991102e-01
-1.483660260199126668e-01
1.075909318357568534e-01
-7.404209969722343188e-02
1.496564135155410181e-02
1.007165767663176364e-01
-1.079071126938204311e-01
6.005466876963258538e-02
3.320488818100429285e+01
7.686510382236216401e+02
1.628791334439844973e-01
-1.492760003974052119e-01
1.083923591299970901e-01
-9.188971296397434319e-02
2.534783000245190848e-02
1.034794536471070475e-01
-1.099355064890974593e-01
6.745465079843893097e-02
5.480050444879376670e+01
7.543871841190567693e+02
1.646865924793859959e-01
-1.554488965842715786e-01
1.080910313161365099e-01
-7.780056704671028944e-02
1.552079874310148717e-02
1.053458956946208419e-01
-1.157340349635184035e-01
6.479120055412306012e-02
1.060199027635553932e+02
9.067162436023668306e+02
1.484421598129641862e-01
-1.310999837303951088e-01
9.921777622132965657e-02
-8.394652958945894583e-02
2.663817997714343702e-02
9.731991576872811578e-02
-1.080295325707066600e-01
6.247888374413772261e-02
5.142907930749179002e+01
8.378788094479385791e+02
1.610926814710791077e-01
-1.501491646470408114e-01
1.074927140666291775e-01
-8.817909321463938965e-02
2.881408155369031762e-02
9.453012742937019763e-02
-8.595454661870780000e-02
2.661143429337614608e-02
7.211289854515548825e+01
8.098359450554825116e+02
1.595901180584591017e-01
-1.495838090417344057e-01
1.093563588849853080e-01
-8.420246177417609057e-02
2.188427624312864334e-02
9.939231492437501647e-02
-9.521980542282947046e-02
3.610177845403797492e-02
2.268665889061896479e+01
8.193324296849281154e+02
1.603505412815817155e-01
-1.387679923107013047e-01
9.397513144579086597e-02
-9.018369992032264360e-02
3.378441077490029060e-02
9.821768407339316609e-02
-1.187938194297651628e-01
7.614322484274657632e-02
6.353103243412537893e+01
8.606601244590165152e+02
1.535372482910833392e-01
-1.331127170041609964e-01
9.493294818102794574e-02
-8.525190404868183969e-02
2.818111589223190258e-02
1.001708487725612023e-01
-1.030227952771326783e-01
4.666920023167847598e-02
1.630608114302449962e+01
8.284813930447862731e+02
1.674313026941388893e-01
-1.633722990696792887e-01
1.138371867804801041e-01
-8.341357430148317598e-02
2.302143963477565336e-02
9.653238156955822047e-02
-7.512159632594403447e-02
1.750794087244554945e-02
9.039307938997664493e+00
8.390489827101062019e+02
1.627521610080820691e-01
-1.476205314968597193e-01
1.034607577569468112e-01
-8.905624052629070031e-02
2.762888543825830351e-02
9.729536890636010515e-02
-8.087634847878719113e-02
2.086878225200054782e-02
4.785955887720287905e+00
8.154336018625676843e+02
1.666593689424409885e-01
-1.588825255503686640e-01
1.065077919127237205e-01
-7.721581501384400248e-02
2.036890556539791217e-02
9.823610181225363169e-02
-8.574275776460109355e-02
2.365255145432506451e-02
8.490803655955180318e+01
8.779501348197144353e+02
1.522437930609455148e-01
-1.378194024159686004e-01
1.030137608976652436e-01
-8.286252641865965440e-02
2.371768153712758287e-02
9.719270407450088245e-02
-9.198212556241769366e-02
3.260903617968771706e-02
6.848392897270709057e+01
8.235906277158252351e+02
1.582646548125154484e-01
-1.442872982750728339e-01
1.042381684797045738e-01
-8.391764820807810776e-02
2.241059340324478427e-02
1.010973023314438862e-01
-1.045850006352561368e-01
5.236149722681934793e-02
5.521264487079145056e+01
8.394885875917050271e+02
1.597272929558621879e-01
-1.516288890531483358e-01
1.079384757686756985e-01
-7.685996829699329180e-02
1.816488374374368789e-02
9.880458601755251480e-02
-9.184233908973675475e-02
3.316901645302024193e-02
1.582673824143930474e+01
8.280647067813107469e+02
1.674809096186970769e-01
-1.598837459293870056e-01
1.052203853434392489e-01
-7.828830811306954074e-02
2.487113523962819137e-02
9.537223651458878737e-02
-8.326573668509401616e-02
1.867569182366333319e-02
6.022270983375896947e+01
9.486828722318673499e+02
1.532915381275206657e-01
-1.429790719011812816e-01
1.075598129974405515e-01
-8.590009703052317591e-02
2.816445978692927454e-02
8.906730567974827095e-02
-5.304258518550857698e-02
-1.815323372087254000e-02
3.004414229923477819e+01
8.549302046435082048e+02
1.606636710274657320e-01
-1.478243516845221261e-01
1.050601835903184900e-01
-8.479899006565309871e-02
2.411056105835312005e-02
9.759887413762365072e-02
-7.957605062266297213e-02
1.827287043578456130e-02
6.562604026827953874e+01
8.545515692364282359e+02
1.559448123323826929e-01
-1.423804226457543454e-01
1.041924218677172109e-01
-8.560010567668072112e-02
2.666584058915681330e-02
9.787930336843908563e-02
-1.019005064079814421e-01
5.376367048202579380e-02
3.971814781709705500e+01
8.450103551538746842e+02
1.593806800742954832e-01
-1.482052270519964299e-01
1.062776652819340528e-01
-8.238786426326759338e-02
2.210544544670101433e-02
9.962445417906454215e-02
-9.261321135786523828e-02
4.020834620016161542e-02
1.461258560715480144e+02
9.143852882367297070e+02
1.486722348830422369e-01
-1.347643855398351354e-01
1.048591263842011262e-01
-8.853541142159816746e-02
2.977973985009539290e-02
9.473259998415685390e-02
-9.567372114860363264e-02
4.343198098054312783e-02
1.914868172199329877e+01
7.581389878357491625e+02
1.702181715961990083e-01
-1.644746951422457748e-01
1.147737046924772880e-01
-8.734758679726506436e-02
2.381071556949140508e-02
9.808525742712967399e-02
-9.441789912279356656e-02
4.157897256867060243e-02
5.209065681495660982e+01
7.962541478315825998e+02
1.557350727726248552e-01
-1.343869945424365775e-01
9.527014099060186758e-02
-8.464624659884742441e-02
2.472411139486837064e-02
1.050315278269313840e-01
-1.189296059682889289e-01
6.625131869367990867e-02
7.001505636372087338e+01
8.436097358895782463e+02
1.591231258491149492e-01
-1.500497568559686912e-01
1.105863966306665780e-01
-8.884288860252279041e-02
2.963661366392614932e-02
9.105614617560156554e-02
-8.360644320821043751e-02
2.165487826909422847e-02
4.265035922106032729e+01
8.380928645348266173e+02
1.566414645118093529e-01
-1.418167630640999599e-01
1.057961270688560496e-01
-9.025929132853792447e-02
2.807130461500799076e-02
9.523019836076848654e-02
-7.907805800061562529e-02
1.137796822516602691e-02
3.824346697194000200e+01
8.130284515592061325e+02
1.663879176831312701e-01
-1.629470718876194213e-01
1.093705800721362642e-01
-6.889848237074606974e-02
1.252562035454196990e-02
1.007441402032807076e-01
-1.021608884126991024e-01
5.017110923215600815e-02
5.222602506260826516e+01
8.260044167309434897e+02
1.649678431236794030e-01
-1.580964445940450658e-01
1.087739140765515145e-01
-7.907009904504713749e-02
2.043916237697967694e-02
9.884737158068185314e-02
-8.958354654425523811e-02
3.134533271196043858e-02
4.346189142569551223e+01
8.637835388405848107e+02
1.569946449932428378e-01
-1.423758911674185834e-01
9.922760978284207722e-02
-7.744833353210517357e-02
2.167010702830024504e-02
9.856156441813886115e-02
-1.003192220364295811e-01
4.587779164805262655e-02
7.141255970025865452e+01
8.119192665375059050e+02
1.589230984343304176e-01
-1.469945205653476750e-01
1.058988846856974003e-01
-8.176821264034156433e-02
2.126448019055741240e-02
1.006263607805316790e-01
-1.184015878929419452e-01
7.655178152778253919e-02
4.310165467115057680e+01
8.724982430062872254e+02
1.566177666908630250e-01
-1.405483839790178935e-01
9.790816396022658519e-02
-7.750475674637330448e-02
2.099472904308028257e-02
9.918822437663007974e-02
-9.471737735407553815e-02
3.597551697193334536e-02
5.528492574306012131e+01
8.719881369408593628e+02
1.569386433540990722e-01
-1.421398483337451835e-01
1.001061248905856516e-01
-7.740275238875983510e-02
1.957212117288098518e-02
9.904103409767028854e-02
-9.926576750090271295e-02
4.574053959658351542e-02
5.018198999862661935e-01
7.995616835906946562e+02
1.673481283695963662e-01
-1.570694410523876261e-01
1.056890993934760381e-01
-8.327417183917752708e-02
2.532408792383583629e-02
9.892161727549747541e-02
-9.654285555614411374e-02
4.465712501296106862e-02
3.188960054231518271e+01
8.641474278504397262e+02
1.591315552149396850e-01
-1.449345686603709382e-01
1.051649423341744216e-01
-8.867778803320729153e-02
2.638438064380411660e-02
9.846560281091469580e-02
-8.038066517317948856e-02
2.448379453148522705e-02
2.123297257690261119e+00
7.943917420036696058e+02
1.671649443643630495e-01
-1.584647664179535120e-01
1.108434031320411489e-01
-8.990186753584356039e-02
2.901127919828687743e-02
9.580062728090654733e-02
-7.983307558803827420e-02
1.888680574232013548e-02
2.518074801059686507e+01
8.374169208915608351e+02
1.601893019106644944e-01
-1.507398376014868202e-01
1.090375776000685748e-01
-8.203878482619246515e-02
2.044738859875337711e-02
9.887860341050828950e-02
-8.407078852368697619e-02
2.638516562506830823e-02
6.369748970662611498e+01
9.033756617242148650e+02
1.507383733697714168e-01
-1.320707159410586806e-01
1.030945538636544312e-01
-9.619813114567195289e-02
3.425783324560745247e-02
9.220292300478041825e-02
-6.838975986721576583e-02
7.131099952545284955e-04
1.464988215008049011e+01
8.278953818381266956e+02
1.596085720922152118e-01
-1.443409697107004841e-01
1.060749352429826708e-01
-9.175877474825006042e-02
2.803999763711770288e-02
9.734733785050898869e-02
-8.660272692783277382e-02
3.116134977870056721e-02
8.102130695201525157e+01
8.645333694732617005e+02
1.573561133119811550e-01
-1.486965187032440183e-01
1.110929079748155385e-01
-8.730836984633841280e-02
2.654979714672594041e-02
9.456569607471369820e-02
-8.336779535730332036e-02
2.656406655254155494e-02
4.643098938222152583e+01
8.453980810940702213e+02
1.593068675510140864e-01
-1.464988625426112689e-01
1.065525843145034429e-01
-8.905013629080392457e-02
2.857935172966203502e-02
9.497975382738572947e-02
-8.303065565541557780e-02
2.221402086348995067e-02
3.563046879050645543e+01
8.674388829511191261e+02
1.594320780608516341e-01
-1.492231028744896992e-01
1.065602751552802707e-01
-8.127132850597833247e-02
2.188829136014891139e-02
9.841150890822107644e-02
-8.735122436566854220e-02
3.547477178445890972e-02
4.975402511684973916e+01
9.049717130318582576e+02
1.522533804562154480e-01
-1.341448239769478246e-01
1.003899977245413522e-01
-8.967714871001307431e-02
3.038831692733624107e-02
9.510625579490224191e-02
-8.075977041586507310e-02
2.236944556143290880e-02
4.590363518911589580e+01
8.127544941868529804e+02
1.609282618209253446e-01
-1.491367276798220010e-01
1.061705392046923963e-01
-8.175721417024360560e-02
2.071173837621527805e-02
9.941610609204838689e-02
-9.750403419488695711e-02
4.015034707864350433e-02
1.206728958408017505e+01
8.543112278798697616e+02
1.612663972994393402e-01
-1.458349858290503565e-01
1.012156504765040627e-01
-8.915995200813787991e-02
3.257028011068204693e-02
9.313733406270247039e-02
-7.497986710779228070e-02
6.977528687072142438e-03
3.686252199508312799e+01
8.303654389914967169e+02
1.638380193533441054e-01
-1.579926517080471604e-01
1.126250179473115842e-01
-8.454437278022257363e-02
2.407927644432760611e-02
9.658365768150180275e-02
-8.455895047392457398e-02
3.077252162913098055e-02
5.196027957245512852e+01
7.641728312088018811e+02
1.658076452914365728e-01
-1.583060889470033483e-01
1.110548703776816498e-01
-8.150062157577508959e-02
1.937743363948165459e-02
1.005626164846719767e-01
-9.921829689107521111e-02
3.874840469634260876e-02
4.170052050527834453e+00
7.793517071373252065e+02
1.708565426863893899e-01
-1.647600891110370946e-01
1.133514944361598970e-01
-8.956839301103261541e-02
2.900668645293847867e-02
9.419307259611214844e-02
-8.039758591334375537e-02
1.962189709750936789e-02
4.455104520789004141e+01
8.567760954093143937e+02
1.577161812086384785e-01
-1.439486152531886110e-01
1.069927803984515036e-01
-9.246004447531383508e-02
3.031176728782837212e-02
9.678184027553035640e-02
-8.957818900897666914e-02
4.133226596387530594e-02
3.157130199146162397e+01
8.333590214724769112e+02
1.615722045592134226e-01
-1.486670675270453934e-01
1.051486749880194832e-01
-8.570214995034966532e-02
2.556837361608245082e-02
9.759387563230424723e-02
-9.899978604268504234e-02
5.124531120193873135e-02
5.010556126277083422e+01
8.481557060977776246e+02
1.572623392771309025e-01
-1.408301909811443819e-01
9.979761786121446598e-02
-8.412954424715761437e-02
2.665961046214180771e-02
9.813273411885173325e-02
-1.013823420984646811e-01
4.760896701171572071e-02
1.559912645952052657e+01
8.104310494954554542e+02
1.684956426390531448e-01
-1.656896976753376161e-01
1.166713482686144721e-01
-8.704561286529197139e-02
2.563620968127445360e-02
9.521976367812172437e-02
-7.179682374148925461e-02
1.182478536501327740e-02
4.618835879588080395e+00
8.044828793797120170e+02
1.654235333175388956e-01
-1.557832469182030555e-01
1.101091796383779631e-01
-8.946835828728831597e-02
2.802666466575537071e-02
9.636508723314012037e-02
-8.002114864438238107e-02
1.982010346256855848e-02
3.873166819703698138e+01
8.336003306611237349e+02
1.601406600043859818e-01
-1.476660799697583071e-01
1.045016503006446495e-01
-8.300539119625399698e-02
2.400768541283339677e-02
9.815242589632314218e-02
-9.121049212015974739e-02
3.195298631217734220e-02
2.356135554391000753e+01
8.506774518904975366e+02
1.615169196866460266e-01
-1.499610762608982739e-01
1.065237499613264915e-01
-8.984641716932344202e-02
3.168337853491261236e-02
9.319358026873073020e-02
-7.432834487796426137e-02
1.054022910748109859e-02
5.845695956737516852e+00
7.850636540304034270e+02
1.682415554525114043e-01
-1.612660815023627126e-01
1.141023916541944183e-01
-9.290782310107217890e-02
3.101813472163637148e-02
9.431531148193253444e-02
-7.793327230919047666e-02
1.769043641033318792e-02
7.599699425875986236e+00
8.218235485340786681e+02
1.621366868899808966e-01
-1.521359234698888285e-01
1.099720178754858696e-01
-8.600722252075057583e-02
2.287340515043283923e-02
9.903141080264754592e-02
-8.370907536335046861e-02
2.864081254852039043e-02
9.460258379479816071e+00
7.946366511316143715e+02
1.670505849884246219e-01
-1.622101535400110872e-01
1.144670791968417783e-01
-8.506269761580910471e-02
2.368930330577506682e-02
9.622747934069238174e-02
-7.029017803886573879e-02
9.511545859505125648e-04
1.057424319188630513e+01
8.169583021238412357e+02
1.653159864529443190e-01
-1.562425870280472751e-01
1.102548392908903052e-01
-9.036839251726958011e-02
3.033682733758328448e-02
9.379174367018229541e-02
-7.368853593609314689e-02
9.179504064646445971e-03
4.900224845138986041e+01
8.581673906674668615e+02
1.611818698196188782e-01
-1.518576362645300271e-01
1.085191466613056044e-01
-8.935140801835107782e-02
3.172640119656145591e-02
9.268177806490685011e-02
-7.030156141759318078e-02
3.120295375396649890e-03
4.955956344029371508e+01
8.587919329217269251e+02
1.603629568334406785e-01
-1.519938650623891829e-01
1.079034609174137765e-01
-7.859769645790661008e-02
1.941532278751924301e-02
9.777202533917284111e-02
-7.908867419573756274e-02
1.527673401506275327e-02
3.752721490480999122e+00
8.090815407642577384e+02
1.659578083862244813e-01
-1.569871274059334854e-01
1.100699080659212348e-01
-8.561252041111896971e-02
2.343465377135907357e-02
9.925762204728515170e-02
-9.148696490937721637e-02
4.321632665798408324e-02
2.927644241994151386e+01
8.383168608277574094e+02
1.636353821400533537e-01
-1.548231909893672820e-01
1.108599563352519191e-01
-9.042471689995623674e-02
2.971214898621010736e-02
9.380293813839232775e-02
-7.360246277871666798e-02
1.230546903142638177e-02
7.842322395989496542e+00
8.257803334078259923e+02
1.632462046867716177e-01
-1.496100272548393506e-01
1.040580051798625227e-01
-8.807783148938749807e-02
2.894488973966899067e-02
9.671716769433193195e-02
-8.347326871165688944e-02
2.254325078165553276e-02
1.532982597261081104e+01
8.558246829211844897e+02
1.594708307711724671e-01
-1.422577441683325894e-01
1.006782180988987085e-01
-9.236855657676361353e-02
3.471385199558166268e-02
9.382923968872285136e-02
-7.930340142470483633e-02
1.615389480800955707e-02
1.798726140898588355e+01
8.131701376326659556e+02
1.663084853758250437e-01
-1.575058910067642648e-01
1.083126386080431741e-01
-8.422387968605193898e-02
2.519195283114690834e-02
9.675567856455580262e-02
-8.387120844194796698e-02
2.315610504707261985e-02
6.105914678665713780e+01
8.933560193888298500e+02
1.526142437339195468e-01
-1.375372900585343783e-01
1.066040449618879116e-01
-9.422318311304719862e-02
3.176991299558716564e-02
9.490679755209378843e-02
-8.011928443389269849e-02
2.712804713449990662e-02
2.700565875916882419e+01
8.405726150025986954e+02
1.595982395377354424e-01
-1.447857086502452595e-01
1.039133678530961696e-01
-8.976644165296947253e-02
3.004008015585869079e-02
9.582497727630780171e-02
-8.493048109861955908e-02
2.494636713344099491e-02
1.490079744263550587e+01
8.050501032594326034e+02
1.645842241516752014e-01
-1.515361140659136352e-01
1.055056666773016155e-01
-8.856586080522292626e-02
2.843646790929580531e-02
9.653450235868385465e-02
-8.963017885908078353e-02
3.070101304843000922e-02
2.123297257690261119e+00
7.943917420036696058e+02
1.671649443643630495e-01
-1.584647664179535120e-01
1.108434031320411489e-01
-8.990186753584356039e-02
2.901127919828687743e-02
9.580062728090654733e-02
-7.983307558803827420e-02
1.888680574232013548e-02
4.391422581830069305e+01
8.778833650867458118e+02
1.553878131255597150e-01
-1.409381648622897165e-01
1.055360827140580937e-01
-9.098720521887546098e-02
3.004672781740649543e-02
9.459948929021022579e-02
-7.352092436811445697e-02
1.025471976123944889e-02
4.695364369758765477e+00
7.935839223810202157e+02
1.665438320504268321e-01
-1.597449568098262551e-01
1.129147819604475744e-01
-8.755976176706327385e-02
2.584234217404698247e-02
9.697160325786688406e-02
-8.125860734609464953e-02
2.258437056568251070e-02
1.191549585532041178e+01
8.045943541385520348e+02
1.655322333020430858e-01
-1.575492726290603773e-01
1.122129282469257472e-01
-9.001635767978330427e-02
2.848202942418226122e-02
9.554779672671952218e-02
-7.827272052498562838e-02
1.794531492839036152e-02
2.028991574221374350e+01
8.330762839884790765e+02
1.631031373313854838e-01
-1.532855619991269625e-01
1.094508927454552194e-01
-8.793604038190269701e-02
2.699373168624110558e-02
9.497300830919581938e-02
-7.012766924902888444e-02
2.249599880732553424e-03
1.042765387867516225e+01
7.954783947578059724e+02
1.663860961023431451e-01
-1.592325639059188336e-01
1.139958174403589153e-01
-9.177586302025400600e-02
2.954644115860477135e-02
9.481769916942626997e-02
-7.693197430535031467e-02
1.631216739890981385e-02
1.616366391575209249e+01
8.153490982132462932e+02
1.640633122008431366e-01
-1.540451114951992551e-01
1.098673888733889686e-01
-9.047235308892331851e-02
2.968433594567241457e-02
9.408844876683060410e-02
-7.713111137350109336e-02
1.364935866744453399e-02
9.727381724266795260e+00
8.457930543552912468e+02
1.592657262812584573e-01
-1.438876994341105608e-01
1.032232478549698906e-01
-8.809239481917895132e-02
2.769780127765919878e-02
9.713909141615037490e-02
-8.002787454577504900e-02
1.789985507997514380e-02
1.366213010078837442e+00
7.890311688893076507e+02
1.670800351939644157e-01
-1.603512555892302183e-01
1.146903320757103328e-01
-9.174571937666586852e-02
2.883487810214732661e-02
9.555910998357433628e-02
-7.746580111551350234e-02
1.855593286180911433e-02
9.581489604643209645e-01
7.876602435992284654e+02
1.672391598439876559e-01
-1.612805321716993256e-01
1.134326301000898873e-01
-8.504560978811827321e-02
2.311113143165229034e-02
9.764435166581383885e-02
-7.559695880234659771e-02
1.021179056205845717e-02
9.615247384355587457e-01
7.963213205917040796e+02
1.667351451951251673e-01
-1.587245544858255919e-01
1.110234927731769128e-01
-8.725845080381182395e-02
2.636078779650412665e-02
9.670945460365168445e-02
-7.794655671633593519e-02
1.477443189370268237e-02
1.788532119375202711e+01
8.575584511754209416e+02
1.565759777546826548e-01
-1.377149085760290825e-01
9.893436554539192240e-02
-8.788111457915621927e-02
2.844738841502884169e-02
9.777635898879849519e-02
-8.656309888096908045e-02
2.608015806170957060e-02
1.154243422949307529e+01
7.931497387555484693e+02
1.657220081721952620e-01
-1.562720886553355115e-01
1.113599599957979802e-01
-9.153245494479260447e-02
2.935281209829031929e-02
9.609432685183461054e-02
-8.493802902015022693e-02
2.809687980395870338e-02
8.799324536300581201e+00
8.058707001279054793e+02
1.653685035627520672e-01
-1.520925943989081541e-01
1.055580198061748520e-01
-9.045174127123153940e-02
3.034390699590781143e-02
9.588849451809562663e-02
-8.812982652567533104e-02
3.017024540928732110e-02
9.358366151661284604e+00
8.046791200444467904e+02
1.634154948602139501e-01
-1.506200322093094179e-01
1.078710981664510876e-01
-9.275670711009752212e-02
3.096009898596566862e-02
9.612949667676960741e-02
-8.796792318120050247e-02
3.249567424577801122e-02
3.308099291831526401e+00
7.741932846231177336e+02
1.683892470630393434e-01
-1.609861132086120306e-01
1.127362483932047438e-01
-8.927004704886691566e-02
2.736041212481824664e-02
9.690754002905527242e-02
-8.445902882387992805e-02
2.546939872797773091e-02
7.277703842155949232e+00
7.998908140043056392e+02
1.660450781791879549e-01
-1.582522617265635645e-01
1.130092275313908101e-01
-9.167056494328275351e-02
2.975953367710679545e-02
9.515735387065622775e-02
-7.820094211077668889e-02
1.930374210085302952e-02
7.443681017383768861e+00
8.234979860906394151e+02
1.640037541229257267e-01
-1.554336249793438762e-01
1.122155965227633889e-01
-9.206589145417061470e-02
3.013898353246347722e-02
9.489040072172208462e-02
-7.672793472359869249e-02
2.065105052708515049e-02
2.330306739341438771e+01
7.954411070341934646e+02
1.645227643703739140e-01
-1.564537798759690901e-01
1.140649031096397509e-01
-9.350477711394307445e-02
3.049650535443715685e-02
9.469417916121397605e-02
-7.958468299278764757e-02
1.968363557827939453e-02
1.941054368644565642e+01
8.300272030876637928e+02
1.636792612708430350e-01
-1.546946892003537022e-01
1.103224841360807285e-01
-8.917602266089126595e-02
2.866224424501633700e-02
9.494132084769189850e-02
-7.498242999226036043e-02
1.322696820989400883e-02
2.071631938418461516e+01
8.012151757792754552e+02
1.657500269726065734e-01
-1.580538670628018616e-01
1.113468823457414159e-01
-8.796597108720827229e-02
2.775281238922310337e-02
9.564337122522674484e-02
-8.309883118045077732e-02
2.299939810793820080e-02
2.027791795937027075e+01
8.042672222152054928e+02
1.630182984383625466e-01
-1.521982839073239280e-01
1.100503624838179428e-01
-9.205146211178469318e-02
3.021781850529935490e-02
9.556674191500062754e-02
-8.218006717951591156e-02
2.144071464651669742e-02
8.736403193829085367e-01
8.058739211794365929e+02
1.641452680174751433e-01
-1.507232130864256670e-01
1.056561568134396639e-01
-8.951147849602957007e-02
2.879714978133457448e-02
9.738073187979542911e-02
-8.805738700139213726e-02
3.079180647226419099e-02
3.063282247555533289e+01
8.037113824831459397e+02
1.639962074638953160e-01
-1.543288299323921919e-01
1.101023476481055446e-01
-9.035629593592488240e-02
2.975856117928387182e-02
9.574932245189224367e-02
-8.676435074030859618e-02
2.841172270126949076e-02
1.404975783551262181e+00
7.857971959673913034e+02
1.668743163174789268e-01
-1.578884462946357481e-01
1.116889630450210724e-01
-9.154683610366094737e-02
2.962268631665640126e-02
9.596218421732433113e-02
-8.298515419826971162e-02
2.460808971322630406e-02
5.126509698690094652e+00
7.717955143502480269e+02
1.676988446061125071e-01
-1.613072591532087041e-01
1.162674659138317190e-01
-9.420054333068074437e-02
3.072149918334376659e-02
9.455903192894839215e-02
-7.683645160366740778e-02
1.529092582619998725e-02
2.176577699868867555e+01
7.754299187939623152e+02
1.670698343876372005e-01
-1.636110186616162032e-01
1.184452739236099422e-01
-9.061088038874486050e-02
2.744320914070649126e-02
9.527748544717153101e-02
-7.895907941729209123e-02
1.868339145565441062e-02
1.281994465295740859e+01
8.093410755899595870e+02
1.628628633026462658e-01
-1.511330833798379125e-01
1.077824760075106192e-01
-8.951033725490183113e-02
2.887286292648101951e-02
9.645832572454134113e-02
-8.119130082980921537e-02
1.798595879169332182e-02
9.150222381679688155e+00
7.796838945615198782e+02
1.650444670311575490e-01
-1.539306533754158934e-01
1.104356700202579616e-01
-9.297656744389608263e-02
2.993127353855904588e-02
9.762743171119887819e-02
-9.216258427961780686e-02
3.906962380187697231e-02
3.672881169499485843e+00
8.097857313764944820e+02
1.631330674374036060e-01
-1.523687495192886376e-01
1.103253408951034159e-01
-9.197836601784811772e-02
2.960013602047591869e-02
9.549913659323924775e-02
-7.557624165622238432e-02
1.261256976400441064e-02
2.976794622309395066e+00
7.980658998789933776e+02
1.681518365456433628e-01
-1.623052229159177851e-01
1.140767726387913600e-01
-9.011059906816344667e-02
2.915543746555121496e-02
9.434925367754297409e-02
-7.795790481922532100e-02
1.979818801455529576e-02
1.272115774530000643e+01
7.907929169209739939e+02
1.652219592574805662e-01
-1.542853613070196417e-01
1.071803104705416343e-01
-8.590201164281749402e-02
2.596185151343678721e-02
9.776429349678793235e-02
-8.708450844656855094e-02
2.344217202880357481e-02
1.626810598837010602e+01
8.052938985322259668e+02
1.667144722249944422e-01
-1.617333418992849825e-01
1.155148751884889219e-01
-9.007040287260710543e-02
2.843834945212148427e-02
9.461953360800758051e-02
-7.477283671380273444e-02
1.492591195574586790e-02
3.575334502293070482e+00
8.192987601588502002e+02
1.623567514477110008e-01
-1.490390459634329534e-01
1.058069229247289994e-01
-8.884195262760856415e-02
2.806104397271039219e-02
9.682300363046900116e-02
-8.031734611864654871e-02
1.738288252694554503e-02
3.910090011205868521e+00
8.133635902652838467e+02
1.647730292401984042e-01
-1.552596474118159986e-01
1.087947614617542774e-01
-8.599583610112095100e-02
2.584079517553871871e-02
9.679657382046771841e-02
-8.050989626014280753e-02
1.922699164565308538e-02
1.048741436417958184e+01
8.132081414071933523e+02
1.643643732226806597e-01
-1.549708448689239293e-01
1.108132802136676948e-01
-9.033496639533511452e-02
2.873377626720113528e-02
9.575867040052289669e-02
-7.831194797954209308e-02
1.837699205991778773e-02
5.897694255268127961e+00
7.931173832777720918e+02
1.662874654331839286e-01
-1.580450898161076256e-01
1.116279762034403239e-01
-8.923333587514151177e-02
2.806037854524977629e-02
9.533485694801896448e-02
-7.542064590487229658e-02
9.181460684624928592e-03
7.460802468406384946e+00
7.819861111036359489e+02
1.675356965034572598e-01
-1.614998521514991459e-01
1.145191255728602309e-01
-9.048618542712588697e-02
2.867833685176781819e-02
9.597036217040487427e-02
-8.098774524965528243e-02
2.217473280704495772e-02
1.281415703190504374e+01
8.239788110620607995e+02
1.617894381727090769e-01
-1.499208898006874902e-01
1.081994391756642554e-01
-8.964825925077364588e-02
2.793344120419586490e-02
9.637116956700100823e-02
-7.774423217303023936e-02
1.507364415207015397e-02
2.245638948545371605e+00
7.921679975554784505e+02
1.681254489836621901e-01
-1.623130701757373451e-01
1.148159092126390807e-01
-9.060710916258554737e-02
2.867863790509528332e-02
9.490414162391579145e-02
-7.377827268633677105e-02
1.177539862777996979e-02
8.983320763190183911e+00
8.564252917316212006e+02
1.563306225826039952e-01
-1.384400900292335201e-01
1.006266278439828382e-01
-8.745558511499443299e-02
2.697749907234020875e-02
9.769138028381461891e-02
-7.673426378263920045e-02
9.480970359986063550e-03
4.879350730177465678e+00
8.014096462891303645e+02
1.652013070433366038e-01
-1.566674933358820077e-01
1.127346469970772619e-01
-9.339410314609444819e-02
3.140345415261706907e-02
9.484713458963528465e-02
-7.896675178274041584e-02
2.147500280253817478e-02
