6.268824476224798445e+02
2.574301600605540443e+02
3.017924759816549840e-01
1.419640686002937580e-02
1.576883674822449066e-01
1.519596100681679107e-01
-9.643114484781006857e-02
1.078811284509433310e-01
3.977535329967052391e-02
-3.797726300699277857e-02
5.149448068619731202e+02
3.578793805734381408e+02
3.280917549767489727e-03
-1.128747434735964394e-01
2.131463909793857026e-01
5.036924478355328527e-02
-3.989212460123056636e-02
-1.444949374533019415e-02
-2.275839249742834247e-01
1.747225262018920755e-01
6.268824476224798445e+02
2.574301600605540443e+02
3.017924759816549840e-01
1.419640686002937580e-02
1.576883674822449066e-01
1.519596100681679107e-01
-9.643114484781006857e-02
1.078811284509433310e-01
3.977535329967052391e-02
-3.797726300699277857e-02
4.532482230130247558e+02
2.734806577702993877e+02
3.158527874291358617e-01
-2.790978475672608455e-03
6.662324011012026037e-02
-5.725886078886784081e-02
-7.408689540907367060e-03
1.745972518626698611e-01
-6.522457260289524217e-02
2.351586959353959283e-01
4.253176021436260044e+02
3.931097056300304189e+02
4.115367384956333807e-02
-1.170843620072342661e-02
1.458788292322844571e-01
-6.613884882715928559e-02
-1.308960671733356285e-01
2.537272809777646465e-01
-1.025425259582217197e-01
2.331530658830419656e-01
6.651441166845845601e+02
1.460991134349658580e+02
1.846214448379986384e-01
-5.792682690432349180e-02
-6.741921986877641437e-02
1.625643325227054403e-01
-4.669143296266117793e-02
2.115279380166328882e-01
-2.947136753791280150e-01
-6.329962390539382866e-02
4.532482230130247558e+02
2.734806577702993877e+02
3.158527874291358617e-01
-2.790978475672608455e-03
6.662324011012026037e-02
-5.725886078886784081e-02
-7.408689540907367060e-03
1.745972518626698611e-01
-6.522457260289524217e-02
2.351586959353959283e-01
5.149448068619731202e+02
3.578793805734381408e+02
3.280917549767489727e-03
-1.128747434735964394e-01
2.131463909793857026e-01
5.036924478355328527e-02
-3.989212460123056636e-02
-1.444949374533019415e-02
-2.275839249742834247e-01
1.747225262018920755e-01
1.229009373062569210e+02
1.494339192374471281e+02
2.922572216102258813e-01
2.792898178628172579e-02
1.378505008278432253e-01
5.003154579380772460e-02
-3.211510247533169715e-02
1.390438310016005041e-01
-4.407653148117390840e-02
3.084090302462916267e-01
5.346483750322075821e+02
3.259502289208151069e+02
1.458115088842341645e-01
-2.187522901040476198e-01
2.157690449439391700e-01
-1.011103690234716190e-01
-7.292836558461915364e-02
3.131326865892225531e-02
-2.328577537338334946e-01
2.603182081158577077e-01
5.346483750322075821e+02
3.259502289208151069e+02
1.458115088842341645e-01
-2.187522901040476198e-01
2.157690449439391700e-01
-1.011103690234716190e-01
-7.292836558461915364e-02
3.131326865892225531e-02
-2.328577537338334946e-01
2.603182081158577077e-01
5.149448068619731202e+02
3.578793805734381408e+02
3.280917549767489727e-03
-1.128747434735964394e-01
2.131463909793857026e-01
5.036924478355328527e-02
-3.989212460123056636e-02
-1.444949374533019415e-02
-2.275839249742834247e-01
1.747225262018920755e-01
6.268824476224798445e+02
2.574301600605540443e+02
3.017924759816549840e-01
1.419640686002937580e-02
1.576883674822449066e-01
1.519596100681679107e-01
-9.643114484781006857e-02
1.078811284509433310e-01
3.977535329967052391e-02
-3.797726300699277857e-02
3.803798178405576778e+02
3.006561041085191164e+02
1.958359514313969818e-01
3.985847141153922579e-02
-1.507855661833493732e-01
-2.685437291769793289e-02
9.248606116221631812e-02
2.529859441103456952e-01
-1.785605464151328037e-01
1.017124563073247973e-01
9.579970914739992338e+01
1.860789319470607381e+02
2.351479421319189744e-01
-2.164190898768077465e-01
1.149024081060391889e-01
8.297541577804809498e-02
-1.904686086342621820e-02
2.512941358951443771e-01
-5.102754733276682053e-02
1.771624160070664478e-01
6.268824476224798445e+02
2.574301600605540443e+02
3.017924759816549840e-01
1.419640686002937580e-02
1.576883674822449066e-01
1.519596100681679107e-01
-9.643114484781006857e-02
1.078811284509433310e-01
3.977535329967052391e-02
-3.797726300699277857e-02
2.415366341494602977e+02
3.823289088545861603e+01
3.119271516066538519e-01
2.857402226719582550e-03
1.861666991388161163e-02
1.287518037726836928e-01
-2.085218489950733251e-02
1.363761447841917440e-01
-1.610279155436464826e-01
1.322849996065607603e-01
4.076287644557496606e+02
3.250628659625933778e+02
3.098475361745492429e-01
-1.837966280705008448e-01
2.083681565038156824e-01
-1.389305510769787699e-01
-1.434298129207955130e-01
-1.418506653859853139e-01
-1.978957146246208137e-02
6.152965645492246283e-02
1.900852411785580784e+02
2.192073212404016829e+02
2.854379321162854311e-01
-1.968788157476661360e-01
1.216787613597258844e-01
1.185328433747995236e-02
-4.849902900303004749e-02
1.842525337875881575e-01
-3.032928988361561357e-02
1.596743781819693342e-01
5.346483750322075821e+02
3.259502289208151069e+02
1.458115088842341645e-01
-2.187522901040476198e-01
2.157690449439391700e-01
-1.011103690234716190e-01
-7.292836558461915364e-02
3.131326865892225531e-02
-2.328577537338334946e-01
2.603182081158577077e-01
2.893343417865863785e+02
2.197472446071244292e+02
2.974232524591802762e-01
-1.569673531059331828e-02
4.926166977849584516e-02
-3.522180677130512527e-02
3.519156820668178920e-02
1.904054748912563100e-01
-1.092584043226341728e-01
3.196533174521179466e-01
5.836121446711558747e+02
3.218541985786093278e+02
1.243485381564426867e-01
-1.811796577830900035e-01
1.866695247791020362e-01
-2.534498554983839747e-02
-6.418532387587272403e-02
9.782714362398506336e-02
-2.192021821191128539e-01
2.002757388693716389e-01
6.268824476224798445e+02
2.574301600605540443e+02
3.017924759816549840e-01
1.419640686002937580e-02
1.576883674822449066e-01
1.519596100681679107e-01
-9.643114484781006857e-02
1.078811284509433310e-01
3.977535329967052391e-02
-3.797726300699277857e-02
5.149448068619731202e+02
3.578793805734381408e+02
3.280917549767489727e-03
-1.128747434735964394e-01
2.131463909793857026e-01
5.036924478355328527e-02
-3.989212460123056636e-02
-1.444949374533019415e-02
-2.275839249742834247e-01
1.747225262018920755e-01
5.149448068619731202e+02
3.578793805734381408e+02
3.280917549767489727e-03
-1.128747434735964394e-01
2.131463909793857026e-01
5.036924478355328527e-02
-3.989212460123056636e-02
-1.444949374533019415e-02
-2.275839249742834247e-01
1.747225262018920755e-01
5.149448068619731202e+02
3.578793805734381408e+02
3.280917549767489727e-03
-1.128747434735964394e-01
2.131463909793857026e-01
5.036924478355328527e-02
-3.989212460123056636e-02
-1.444949374533019415e-02
-2.275839249742834247e-01
1.747225262018920755e-01
6.686176788920721492e+02
2.401339370418313024e+02
2.112702543225852825e-01
-1.094464857975062655e-01
1.101260514668373075e-01
1.162692918139183740e-01
-2.674316405917081391e-02
5.454776744296146312e-02
-1.862676351045569889e-01
1.197382510787387000e-02
5.149448068619731202e+02
3.578793805734381408e+02
3.280917549767489727e-03
-1.128747434735964394e-01
2.131463909793857026e-01
5.036924478355328527e-02
-3.989212460123056636e-02
-1.444949374533019415e-02
-2.275839249742834247e-01
1.747225262018920755e-01
6.268824476224798445e+02
2.574301600605540443e+02
3.017924759816549840e-01
1.419640686002937580e-02
1.576883674822449066e-01
1.519596100681679107e-01
-9.643114484781006857e-02
1.078811284509433310e-01
3.977535329967052391e-02
-3.797726300699277857e-02
3.046868954466146988e+02
2.376472876564284320e+01
3.032740905104263085e-01
-2.019853538671960436e-02
1.239746393507076480e-02
1.225041966697213713e-01
-1.426785169016452776e-02
1.379186577207869857e-01
-2.242474066306785474e-01
1.484863621354237662e-01
6.636348917048536578e+02
3.081275010541212964e+02
2.855708553372477976e-01
-2.131736728747220255e-02
1.907186638283589197e-01
4.226622021816359154e-02
-1.301012988263455239e-01
7.953004821132227120e-02
1.343676455251251525e-02
2.846498403613646755e-02
5.503284856852606026e+02
3.989251286715017955e+02
5.994692838846918392e-04
-1.566335570265767890e-02
1.004894703535909872e-01
3.466772985898633475e-03
-8.964842468067937831e-02
2.303893899240921361e-01
-1.661715957603965843e-01
1.428371173977263930e-01
5.346468357744007562e+02
2.668599088212050674e+02
2.679004469090796592e-01
-1.714905036681062256e-01
2.140323697394692637e-01
-8.204119642630289255e-02
-1.120584496717142442e-01
-1.073203953051311832e-02
-1.439365653779837440e-01
1.872248472523088958e-01
6.675413317631165455e+02
1.963354808368677595e+02
2.936905297864773057e-01
-5.523976090162355940e-02
1.363258802380253043e-01
1.262521297310361390e-01
-5.790539219352930367e-02
1.812002143032000745e-01
-1.089750760780912459e-01
1.009531983801793403e-01
1.229009373062569210e+02
1.494339192374471281e+02
2.922572216102258813e-01
2.792898178628172579e-02
1.378505008278432253e-01
5.003154579380772460e-02
-3.211510247533169715e-02
1.390438310016005041e-01
-4.407653148117390840e-02
3.084090302462916267e-01
4.370412333851957101e+02
2.264357198925045225e+02
1.799399597965093411e-01
7.898670708173853583e-02
1.230494736798512234e-01
1.577558787596287648e-01
-5.719643082194743322e-02
1.871510552173229203e-01
-7.583106046672637157e-02
1.465698562680211592e-01
5.149448068619731202e+02
3.578793805734381408e+02
3.280917549767489727e-03
-1.128747434735964394e-01
2.131463909793857026e-01
5.036924478355328527e-02
-3.989212460123056636e-02
-1.444949374533019415e-02
-2.275839249742834247e-01
1.747225262018920755e-01
5.149448068619731202e+02
3.578793805734381408e+02
3.280917549767489727e-03
-1.128747434735964394e-01
2.131463909793857026e-01
5.036924478355328527e-02
-3.989212460123056636e-02
-1.444949374533019415e-02
-2.275839249742834247e-01
1.747225262018920755e-01
5.149448068619731202e+02
3.578793805734381408e+02
3.280917549767489727e-03
-1.128747434735964394e-01
2.131463909793857026e-01
5.036924478355328527e-02
-3.989212460123056636e-02
-1.444949374533019415e-02
-2.275839249742834247e-01
1.747225262018920755e-01
5.256502710554794930e+02
3.216459302487472200e+02
1.981297653555959548e-01
-1.006880550558057613e-01
6.324619521536870015e-02
-1.600422401273216694e-02
-2.443524481175476937e-02
1.025592594978688432e-01
-1.380229065665173060e-01
7.756475725678253774e-02
5.836121446711558747e+02
3.218541985786093278e+02
1.243485381564426867e-01
-1.811796577830900035e-01
1.866695247791020362e-01
-2.534498554983839747e-02
-6.418532387587272403e-02
9.782714362398506336e-02
-2.192021821191128539e-01
2.002757388693716389e-01
5.149448068619731202e+02
3.578793805734381408e+02
3.280917549767489727e-03
-1.128747434735964394e-01
2.131463909793857026e-01
5.036924478355328527e-02
-3.989212460123056636e-02
-1.444949374533019415e-02
-2.275839249742834247e-01
1.747225262018920755e-01
5.387177202176183073e+02
3.384704596990002301e+02
5.771190789286004957e-02
-1.442392819747804755e-01
1.872957574686372473e-01
1.402096619119790055e-02
-4.912034826590074704e-02
5.984490152726996970e-02
-2.250547958244201174e-01
1.852176153694330418e-01
5.143334746013333643e+02
3.575756052667325093e+02
7.640679326225506551e-02
-1.134757635493310740e-01
1.640739813298089378e-01
-3.152702115628114310e-02
-4.616683190891186783e-02
9.151388492677811626e-02
-2.025298535883914841e-01
2.243494200854647680e-01
5.709650851912042526e+02
3.799601983627219397e+02
-2.060984400506921110e-03
-4.517014167338166686e-02
1.334416523631477280e-01
4.317529084418920970e-02
-6.455989211197003808e-02
1.364894600924887458e-01
-1.953834124930252103e-01
1.287841225906385112e-01
5.503284856852606026e+02
3.989251286715017955e+02
5.994692838846918392e-04
-1.566335570265767890e-02
1.004894703535909872e-01
3.466772985898633475e-03
-8.964842468067937831e-02
2.303893899240921361e-01
-1.661715957603965843e-01
1.428371173977263930e-01
5.001482850088489727e+02
3.252012390795338206e+02
6.140135629573306719e-02
-7.893984539230734787e-02
1.996180092104811732e-01
6.660953583296742864e-02
-3.522992358047593447e-02
1.295514709512903331e-02
-1.878580944505654493e-01
1.778726371025290964e-01
5.666249724569483988e+02
3.204145838878147288e+02
5.891214269500437417e-02
-3.514226021437134168e-02
6.747828072274733580e-02
1.020301078424460522e-01
-4.733391614566431586e-03
7.708546750920025614e-02
-2.122544055130426432e-01
4.883697463362497715e-02
4.990394621955953198e+02
3.118098534227558503e+02
4.591162519988772200e-02
-1.492398378480948584e-01
2.110260935916164482e-01
3.082710801634529207e-02
-4.791698079950695160e-02
1.737398946895212307e-02
-2.506334954148573546e-01
2.101949995403125104e-01
4.955658584269629614e+02
3.481215698516234625e+02
1.673700762946585957e-02
-1.034794677410531272e-01
1.723607805893845879e-01
2.968835971246561525e-02
-2.645561117820766778e-02
4.409868598202332235e-02
-2.393166784710889228e-01
2.035258509262077853e-01
5.512304275199011272e+02
3.632715464007548576e+02
5.412158048443455743e-02
-6.882868926457205716e-02
1.254514843467396112e-01
-2.476085902589146917e-03
-7.496030571510634011e-02
1.868265224796666901e-01
-1.817900712488635662e-01
1.667529533713888457e-01
4.990394621955953198e+02
3.118098534227558503e+02
4.591162519988772200e-02
-1.492398378480948584e-01
2.110260935916164482e-01
3.082710801634529207e-02
-4.791698079950695160e-02
1.737398946895212307e-02
-2.506334954148573546e-01
2.101949995403125104e-01
5.149448068619731202e+02
3.578793805734381408e+02
3.280917549767489727e-03
-1.128747434735964394e-01
2.131463909793857026e-01
5.036924478355328527e-02
-3.989212460123056636e-02
-1.444949374533019415e-02
-2.275839249742834247e-01
1.747225262018920755e-01
5.462695205332228170e+02
3.497118540335985131e+02
3.326452601442447810e-02
-1.067626396430092495e-01
1.788957053440515255e-01
3.115525520489996480e-02
-5.476994093380541107e-02
6.264832372603910959e-02
-2.177893233749854662e-01
1.642195368081914575e-01
5.665036407503212104e+02
2.108416875357762592e+02
2.390351858705193344e-01
2.464728858011315873e-02
8.621540772813766906e-02
1.306705342965689687e-01
-5.512794452840896753e-02
2.572189862756837364e-01
-9.284436036350220134e-02
1.205820292450338338e-01
5.106946114944729516e+02
3.703119723843075235e+02
-1.569268604061720834e-02
-3.832236280840578546e-02
1.640752927620462709e-01
6.076453751879103832e-02
-5.643582094295815366e-02
6.485961697358039180e-02
-1.962938235001449594e-01
1.444815296244243430e-01
6.494753793990921622e+02
3.973569020302612103e+02
-1.573186189825095255e-02
-6.781711088648392782e-02
1.474973206983156426e-01
6.562830028234431512e-02
-6.033819978902710268e-02
7.764940124171429425e-02
-2.091363559007074491e-01
7.174002149882131862e-02
4.955658584269629614e+02
3.481215698516234625e+02
1.673700762946585957e-02
-1.034794677410531272e-01
1.723607805893845879e-01
2.968835971246561178e-02
-2.645561117820766778e-02
4.409868598202332235e-02
-2.393166784710889228e-01
2.035258509262077853e-01
5.978018055742682009e+02
3.792768134233368187e+02
9.520410993968466545e-03
-1.252586780127999955e-01
2.223704802284277859e-01
3.531274601636613664e-02
-7.938157589540076331e-02
1.464518690823886360e-02
-2.104624545716858308e-01
1.343377390759792067e-01
5.503284856852606026e+02
3.989251286715017955e+02
5.994692838846918392e-04
-1.566335570265767890e-02
1.004894703535909872e-01
3.466772985898633475e-03
-8.964842468067937831e-02
2.303893899240921361e-01
-1.661715957603965843e-01
1.428371173977263930e-01
5.411293367115005140e+02
3.904095995673534958e+02
5.514414942854093532e-02
-5.790998491533075332e-02
1.142141722234192303e-01
-2.520147806173038407e-02
-6.275679211319964979e-02
1.907969727632370105e-01
-1.612381015443924981e-01
1.758775701892231202e-01
5.628228449592828611e+02
3.719108655525205336e+02
-1.857054219772048473e-02
-1.582864117087331296e-02
1.244515834510749736e-01
4.615113577157707592e-02
-1.129053538793468175e-01
2.106027811612044554e-01
-1.819372657146819394e-01
1.143943619910340187e-01
5.495406061426176620e+02
3.615012596460247778e+02
1.525194201320712734e-02
-7.025675503643574737e-02
1.544365290949978875e-01
2.967995477231458873e-02
-7.708647124196317535e-02
1.269407247833639341e-01
-2.018491125045738521e-01
1.495666794218854512e-01
5.667234205443448900e+02
3.955763159272370331e+02
5.597411096770815719e-02
-5.201944200999592677e-02
1.013054505668265215e-01
-4.157774740430512928e-02
-8.435005567691368500e-02
2.372596524060915646e-01
-1.608774852871867334e-01
1.712702623169221616e-01
5.042678542693781765e+02
3.606726277296015155e+02
3.233213552193365398e-02
-7.565321482816819709e-02
1.474789880685681565e-01
-4.861489825412042623e-03
-5.625682202928118658e-02
1.248824317038434162e-01
-2.097054124673650710e-01
2.081795021345850538e-01
5.368094317996673226e+02
3.372292499992089461e+02
6.983612731860419642e-02
-1.124836004617026652e-01
1.502841151863740510e-01
-8.824056145945623902e-03
-6.809710124651893737e-02
1.502012691558264335e-01
-2.111510513851149740e-01
1.986812694773733012e-01
5.221407823074823682e+02
3.746368916145958678e+02
5.647089070949318224e-02
-1.133917959255429930e-01
1.810391940327770732e-01
-1.500808965233132140e-02
-4.497087483031852323e-02
6.040319239234561571e-02
-1.931398957673478023e-01
2.040734875973348184e-01
4.845048744994560934e+02
3.423752493991785855e+02
6.355909197786017983e-02
-1.373017895506339348e-01
1.899860956494984765e-01
-8.724830030482581128e-03
-2.157823492790338776e-02
2.408336136235831801e-02
-2.304818627518837593e-01
2.402482602220067098e-01
5.167027092448264511e+02
3.499565614933025017e+02
2.726955019321349039e-02
-1.129631026569102997e-01
2.014829263469923304e-01
2.422613272199241816e-02
-6.559492984027620599e-02
4.563690749412302461e-02
-2.151532925133765040e-01
1.841108728388801130e-01
5.044038023354783036e+02
3.664944322068276961e+02
3.518878729875820482e-02
-7.643889075914137021e-02
1.445338864364853204e-01
-4.436515516014899463e-04
-3.429186237229150253e-02
9.530333212876937465e-02
-2.093349742762894150e-01
2.056211787681392344e-01
5.151543466006243079e+02
4.047439354107654594e+02
2.624076311198205586e-02
-4.951146288213644636e-02
1.154493659035037006e-01
-2.585466273160826403e-02
-1.952346357352479495e-02
1.159587341342011857e-01
-1.938328184438408153e-01
2.091270239327109870e-01
5.248874879986555015e+02
3.227008704974656439e+02
6.565960823416171210e-02
-1.325941694316999098e-01
1.639962428005159456e-01
9.089631307486197020e-03
-4.798594614258589602e-02
1.055473099025808215e-01
-2.358999450213682403e-01
2.058424109730989104e-01
5.771286889098394113e+02
2.997431059620249130e+02
1.362926115740939470e-01
-2.082743565563339172e-01
1.929957079403030185e-01
-2.069573079651647329e-02
-7.016039311769334264e-02
1.081471001477112281e-01
-2.285593050503025303e-01
2.003749428393442333e-01
5.554836113978213916e+02
3.888698639674353785e+02
1.612244588279053426e-02
-4.179209721779932746e-02
1.207782393979032753e-01
4.420887601520432503e-03
-6.566813475314879633e-02
1.655501289726131198e-01
-1.860368207170855492e-01
1.611092716538170821e-01
5.535759226915304225e+02
3.154984334771696695e+02
9.069357691067303495e-02
-1.670143778792904932e-01
1.982960967187607781e-01
-9.530265223555538234e-03
-8.627848867382724440e-02
1.051890383613153374e-01
-2.241720845669644968e-01
2.004607485044069826e-01
5.260990977564492823e+02
3.195635022949812765e+02
6.636239633491955447e-02
-1.393238772330674946e-01
1.651022571594120691e-01
1.058935115356270454e-02
-5.947452179480790246e-02
1.207519428030868897e-01
-2.296725195797917063e-01
1.919396001317827116e-01
5.270646310832310064e+02
3.638165721737892113e+02
7.157352650787565662e-02
-7.470646394578131511e-02
1.340063719798945396e-01
-3.920012901495566193e-02
-7.802503205373399753e-02
1.782087422184076009e-01
-1.812336868526558953e-01
2.096028149126341611e-01
6.052923190571972327e+02
3.907858793110550550e+02
5.332380053700098987e-02
-8.363095278064185123e-02
1.237542046619045377e-01
-1.862517786702480235e-03
-6.066601987417949426e-02
1.654242947872177072e-01
-1.765560007346427818e-01
1.342198749650830580e-01
6.340312396236172390e+02
3.707383804209226810e+02
6.180165015780451909e-02
-1.436919577051055663e-01
1.803831551575565961e-01
1.794937997604283825e-02
-7.495512801558372462e-02
9.882630639280451379e-02
-1.911550826233433531e-01
1.139967732586006227e-01
5.670895716535403608e+02
3.491201247529458556e+02
3.514064064753630312e-02
-1.018256764825423155e-01
1.665186654696345359e-01
2.599685368064813540e-02
-8.297146041194990163e-02
1.210983096955314947e-01
-2.050080843056343860e-01
1.446381688854218028e-01
5.817305757993105999e+02
3.529808671606272696e+02
7.321227856411141599e-02
-1.152630217103657317e-01
1.512587608223352198e-01
-1.406566648882693303e-02
-9.235518777891202347e-02
1.753712933990645151e-01
-1.910793434311876815e-01
1.619284464453887851e-01
4.761919107707339549e+02
3.176673408979958140e+02
9.465190410934902487e-02
-1.561825968254576535e-01
1.767171097477819031e-01
-2.800758680468339729e-02
-2.596017251370427714e-02
6.772518774472092995e-02
-2.387798980369079116e-01
2.639414429452842104e-01
4.892889343876057069e+02
3.215966190663597786e+02
7.081430892644886843e-02
-1.298790856979800401e-01
1.668275198925222302e-01
-6.896904223677891022e-03
-4.823236141260881654e-02
1.076849876702103415e-01
-2.303781921831742074e-01
2.324325885193743169e-01
5.594365491377252511e+02
2.545102570754602027e+02
1.333953495296158753e-01
-2.211218402001206562e-01
1.807548291607714019e-01
1.005986545523168685e-02
-7.184512775283991015e-02
1.452442593491135581e-01
-2.610705205727056333e-01
1.992015330537431628e-01
5.100531863096736060e+02
3.963143502340073496e+02
5.352144996135476535e-02
-9.276024312325358012e-02
1.684737370952882340e-01
-3.644684366252648466e-02
-3.307340233322753065e-02
5.899513638688261979e-02
-1.854238415617598390e-01
2.215711489529026412e-01
5.392337068934610897e+02
3.207013569832664643e+02
9.193303009645086010e-02
-1.488043424790735370e-01
1.759793935173651347e-01
-2.425331374943192134e-02
-7.584527184875826389e-02
1.278342643734512452e-01
-2.235214797191874270e-01
2.202438941393360383e-01
5.842073299774998532e+02
4.183332922043314852e+02
2.650464778943570354e-02
-3.101691892028105718e-02
1.044080439825703366e-01
-1.456398326362861456e-02
-5.969656385079621930e-02
1.749126140777429450e-01
-1.616230106792735099e-01
1.446402358091548046e-01
5.621594449262336184e+02
3.454172990233876703e+02
8.433298347493392577e-02
-1.498957712090390193e-01
1.665407739871757054e-01
8.060491514304612276e-03
-4.967200877519072078e-02
1.074488560696817280e-01
-1.977839426087508456e-01
1.580165718953592535e-01
5.476366415364250315e+02
3.885786061519875716e+02
5.207622124069886949e-02
-7.365176080147484150e-02
1.371846978144885543e-01
-2.822298431679246683e-02
-6.286952751877755707e-02
1.468285327397830520e-01
-1.787558941888627573e-01
1.881611020767980924e-01
5.813102362683697493e+02
4.267181462294302037e+02
3.475175136825294636e-02
-8.161162828442250494e-02
1.595352613458811131e-01
-1.260663051714112394e-02
-4.187983341098212853e-02
7.257774962083290982e-02
-1.618201360783758924e-01
1.526855629140017045e-01
5.351818208016927656e+02
3.008697819057368292e+02
7.491561183829599513e-02
-1.634930705388952243e-01
1.936041874985401090e-01
1.773363498639964064e-02
-6.367766527250973141e-02
8.013069924402495270e-02
-2.500286602822170412e-01
2.014514998424624670e-01
5.574705871245787421e+02
3.832067907377327742e+02
6.579564052395119045e-02
-7.840754406973653168e-02
1.158730756545834351e-01
-3.011124121312528518e-02
-6.368853980068378551e-02
1.949132840997291893e-01
-1.733438969213369207e-01
1.773544983846374878e-01
6.130210529576918361e+02
3.008219979315473438e+02
1.126540449212292128e-01
-2.033549854851722238e-01
2.191319866694792784e-01
3.519832546891800591e-03
-1.147005759399501446e-01
1.160298685898970561e-01
-2.197340229371936293e-01
1.605735288305722985e-01
4.951531073772295599e+02
3.224689125744654916e+02
5.583243714365478116e-02
-1.155965555218678997e-01
1.542913360549606483e-01
6.019328014188984194e-03
-4.126924405487206182e-02
1.112012784553602085e-01
-2.398726009389509084e-01
2.240294356144907628e-01
5.765701846233846481e+02
3.400850922810539601e+02
7.160333815812161551e-02
-1.434663862017474534e-01
1.920816199277428915e-01
2.270610301759555874e-03
-9.493200804392223913e-02
1.151484136194462632e-01
-1.990767524467437766e-01
1.629922887551764343e-01
5.400900819323552469e+02
3.474484943822970990e+02
8.116153007151004350e-02
-1.169756675293212589e-01
1.574539706845718146e-01
-3.081932207694936671e-02
-9.681013278477426653e-02
1.882885735355247503e-01
-1.860039365421954638e-01
1.957025852035866320e-01
6.459349210201046390e+02
3.554095573974539093e+02
7.327977145047101515e-02
-1.565477975242622333e-01
1.973735021797678735e-01
1.516760096048496050e-02
-1.003417189796469433e-01
1.035194810400115739e-01
-1.925205549268160232e-01
1.129902733726305675e-01
4.549309831264730519e+02
3.536514827207248572e+02
6.788998525115366722e-02
-1.187324314351390214e-01
1.720114730877114195e-01
-3.669601646041163734e-02
-1.959433692215438103e-02
5.222897802478568968e-02
-2.164540309516135574e-01
2.675737098257275348e-01
5.512388494024337433e+02
3.459641641765491045e+02
1.068220913880905398e-01
-1.257785650444989689e-01
1.387235046385866255e-01
-4.583656799284308025e-02
-5.261296145471572316e-02
1.528932188582986240e-01
-2.056751641211013448e-01
2.206665448926417028e-01
6.269920283739222668e+02
3.364650304442501465e+02
9.176604757324463568e-02
-1.573799057649570010e-01
1.556488212786936165e-01
1.048960748925125905e-02
-7.427301969190412689e-02
1.554547518583811461e-01
-2.094942556159037350e-01
1.335829721685290739e-01
6.058910387320538575e+02
3.735443674200005262e+02
6.833163086389576479e-02
-1.286562868705649065e-01
1.587365885619208827e-01
2.657298960369570539e-03
-5.923054289165814029e-02
1.190429825894371990e-01
-1.896558193277447235e-01
1.400772854863282513e-01
5.475591451461400538e+02
3.419375317260622751e+02
8.476759784211718163e-02
-1.254244493939030425e-01
1.476188128201840200e-01
-2.158549528438394316e-02
-7.291724183400669079e-02
1.665498838892156830e-01
-2.008844338829534060e-01
1.909114165315266565e-01
5.929918066558781220e+02
2.926496518792862389e+02
1.138538554632950173e-01
-1.765329618777647103e-01
1.480897218820761974e-01
6.146757756586531361e-03
-6.523139290796631240e-02
1.675541062154961847e-01
-2.436052981392327343e-01
1.738438308417312450e-01
5.694461925803457234e+02
2.877767074149488167e+02
1.302136728188802717e-01
-1.943268395018068473e-01
1.630265378453284453e-01
-1.164746182035185720e-02
-5.847999998393103860e-02
1.394953016749694019e-01
-2.449633300144306025e-01
2.006832321255110629e-01
5.505358500599306808e+02
2.350888542001354438e+02
1.557303136721809034e-01
-2.488398618151375086e-01
1.853236536551251257e-01
3.669707450899080577e-03
-7.040680845074678840e-02
1.544733570057089944e-01
-2.699832736859879012e-01
2.141646704895373288e-01
6.374169378766665659e+02
4.051502946674212353e+02
4.940319332033063504e-02
-7.211747634921655825e-02
1.287473892640857986e-01
-1.116921297773865174e-02
-1.039279892265847771e-01
2.093593772010492182e-01
-1.499257175297384337e-01
1.062442487251247653e-01
5.346131864483513709e+02
3.570569701402068290e+02
8.120411767047124030e-02
-1.246408302736026069e-01
1.648800330447210971e-01
-3.277450602121864676e-02
-5.325768358025938232e-02
1.062578583296435036e-01
-2.038205607496328953e-01
2.163324018954899119e-01
4.842675762085381166e+02
3.418629624642076124e+02
1.061360476792526375e-01
-1.380427060083881385e-01
1.380056962965711953e-01
-4.518961794931133924e-02
-4.545323824399159773e-02
1.768937813316350249e-01
-1.898323498120472186e-01
2.324093314112858355e-01
4.623634978191327036e+02
4.167957461920112223e+02
3.740950667603809565e-02
-4.283484722701782349e-02
1.202406934165645147e-01
-5.406277665235369873e-02
-1.089570094156689685e-02
1.079270382917128790e-01
-1.755544360801578607e-01
2.483728965444337855e-01
6.261886518406922733e+02
3.404374828657042826e+02
8.723227340694926502e-02
-1.434366137900661697e-01
1.493423583927895315e-01
4.847834688613719516e-03
-8.359354688020523283e-02
1.707761406635144585e-01
-2.036394046252769929e-01
1.324260742475709685e-01
5.469774467276048426e+02
2.773309739876499975e+02
1.182425335094878516e-01
-2.000511805137417665e-01
1.827251030126912090e-01
-1.790224497175182949e-03
-5.449804036295771703e-02
1.015183944267958049e-01
-2.613315803450034780e-01
2.177205402120216959e-01
5.292732479345094134e+02
3.501425688839819941e+02
7.071569784170012030e-02
-1.205284635982980385e-01
1.517060940508097588e-01
-1.299858883519740618e-02
-3.000997334881459755e-02
9.266061250110389780e-02
-2.198875548838004346e-01
2.115092197054601053e-01
5.347448884612012989e+02
3.082338834339822711e+02
9.362852691586001641e-02
-1.566412374365479809e-01
1.609696029243997684e-01
-2.325194101381003464e-03
-5.564528028192584908e-02
1.328412765419775543e-01
-2.338113012413657599e-01
2.059300156573930229e-01
5.953128411718148527e+02
3.732110428072434729e+02
9.382856733307678998e-02
-1.348549873257698373e-01
1.344131137395301878e-01
-1.562023992620441282e-02
-4.125147645901967863e-02
1.517809494141070248e-01
-1.832757069260036176e-01
1.560957737302526849e-01
5.283832637617441605e+02
2.873702761904303316e+02
1.013709390577270664e-01
-1.781870170235964335e-01
1.796407795413921538e-01
6.380739284886555174e-03
-7.660028799478361961e-02
1.427333628899714879e-01
-2.337182055959156624e-01
1.987499781800345922e-01
5.288076267995789976e+02
3.660910178033315674e+02
5.978053277145557731e-02
-1.122179628819854058e-01
1.598158223706230285e-01
-1.275016325105869652e-02
-3.084480836564996650e-02
7.363621498795117071e-02
-2.094276050103898723e-01
2.059909013326552962e-01
5.997890354638458348e+02
4.118665548481971541e+02
3.069384685065417590e-02
-5.842831646572571591e-02
1.474996726462791119e-01
-6.262698363876526703e-03
-9.720718693342808581e-02
1.604485310102725104e-01
-1.477080643779325186e-01
1.201863222937288450e-01
5.801367811025722858e+02
4.321511708100529745e+02
1.305505392165492301e-02
-4.170749137802123169e-02
1.477707081005405765e-01
-9.447813727736901340e-03
-6.646126465534954453e-02
1.137592696238572121e-01
-1.570279477334591001e-01
1.450185498522722216e-01
4.964941303892165934e+02
3.420526092682369494e+02
6.653790548998003707e-02
-1.153537644643039956e-01
1.639297909583615209e-01
-2.260658257828465981e-02
-4.385046455467991877e-02
9.588415953000234415e-02
-2.223469405068480842e-01
2.409228975201063716e-01
6.052626802925633456e+02
3.201623526200304468e+02
9.444629281604469129e-02
-1.382042982419127708e-01
1.249620101850497378e-01
1.868473694618576902e-03
-8.169602847134749268e-02
2.206485046458497024e-01
-2.174151358972179204e-01
1.520030096337670611e-01
5.504857933871061277e+02
3.889989822471232515e+02
5.720278865701803467e-02
-7.912369722245335413e-02
1.229865676523509699e-01
-2.816117941433395402e-02
-3.307798042689681639e-02
1.301349516006286566e-01
-1.947184417654620192e-01
1.958301888376632327e-01
5.508606004146580517e+02
3.881026808799118157e+02
7.176083170643486608e-02
-1.201339846329591843e-01
1.501746459989053983e-01
-2.149919682208852045e-02
-2.497369315840622384e-02
9.497309040734309982e-02
-1.866283516901518225e-01
1.859194238705318414e-01
6.198898233858642470e+02
3.514604734469851905e+02
9.214241839255957189e-02
-1.496604674852672345e-01
1.542666569227961193e-01
-2.918494170493175777e-03
-6.678994959455145097e-02
1.455720326066948789e-01
-1.992873124991952904e-01
1.444245140517460557e-01
6.438083211742454068e+02
3.767373137668816412e+02
7.721723598259531973e-02
-1.207812872376899660e-01
1.379212848730967944e-01
-1.444555327369925583e-03
-6.860461770007804383e-02
1.597466292143955302e-01
-1.854908715078429637e-01
1.197426928559099102e-01
5.986270975486556836e+02
4.188618626045537212e+02
6.904997805666596156e-02
-9.280785613071756979e-02
1.181782447746245052e-01
-2.491329136783439549e-02
-2.979993831995023101e-02
1.433767859302548520e-01
-1.587396684636304123e-01
1.445960885003788610e-01
4.944450565944843561e+02
4.736027555166463685e+02
6.138607326475194886e-03
1.573166763377975910e-02
8.709588394424391811e-02
-6.009668945829402947e-02
-7.210062893514113114e-03
1.274285794254002846e-01
-1.408960801115305694e-01
2.122045764330009743e-01
5.184024785684977132e+02
3.813638327763262055e+02
5.722029464744807919e-02
-8.329760103480399192e-02
1.351428629667661974e-01
-3.232817041117368173e-02
-4.192214564729630083e-02
1.307745288087092950e-01
-1.906985490527027538e-01
2.112729393525845101e-01
5.644893885780367100e+02
3.453745066080306856e+02
7.607556809435320200e-02
-1.202156713858508752e-01
1.342701820490454501e-01
-6.879303908960871655e-03
-4.215212634716230394e-02
1.357897626255755996e-01
-2.206554532810634517e-01
1.845682979866352103e-01
6.150293362738270844e+02
3.856975710207943848e+02
4.746678748491673511e-02
-1.016844074360481465e-01
1.723672647867151575e-01
9.486983640714177074e-03
-1.006371483198283123e-01
1.369191048996158400e-01
-1.623993547849930108e-01
1.108058798023891928e-01
4.538424721220144988e+02
3.832019138858490805e+02
4.736162634696663987e-02
-6.660311340870869734e-02
1.291661691210647389e-01
-4.149141364000566434e-02
-2.768862415305677754e-02
1.281229138084807040e-01
-1.885010359054964946e-01
2.469377032208498746e-01
5.385012305250174904e+02
3.760890296816180580e+02
5.978369665393043486e-02
-9.113886408735663580e-02
1.306598658891942322e-01
-2.291747325034421828e-02
-2.728059105433046014e-02
1.163298988326280092e-01
-2.055307209251029665e-01
2.065947813298880664e-01
4.735605188089685953e+02
4.067169846700129483e+02
5.015572541750260016e-02
-9.363415563733162861e-02
1.626310723883353793e-01
-3.109107783602091044e-02
-3.576248789047873494e-02
9.512570136369669083e-02
-1.521950716797233483e-01
2.023359745519020814e-01
5.523815884880234535e+02
2.902979436671686813e+02
1.102214492594844053e-01
-1.729176899870416839e-01
1.509456080291210756e-01
-3.327887418345300101e-03
-3.494173751932747041e-02
1.189285864118651559e-01
-2.630756855537242922e-01
2.194870881150969844e-01
5.289967539595107837e+02
4.144647649373171703e+02
4.385019130852500779e-02
-6.187020912951355506e-02
1.382372743967437700e-01
-3.734314891379572621e-02
-4.971970744261283714e-02
1.270746837834641207e-01
-1.589309014561259281e-01
1.908566560533476175e-01
4.830760868201404037e+02
3.106358400736928047e+02
9.167239333465872220e-02
-1.440699093369910422e-01
1.559552404504840617e-01
-2.189899028890023372e-02
-3.623151298733169601e-02
1.193235374608285632e-01
-2.387694184560252564e-01
2.546255012579661803e-01
4.479842875218052995e+02
3.551126322991607935e+02
5.870658776981669408e-02
-7.315266343241713654e-02
1.334074924747664093e-01
-5.092667281281949149e-02
-4.645733690653777032e-02
1.490111978013465288e-01
-2.085015475922346873e-01
2.727537984728574672e-01
5.933152433174118414e+02
4.152355284939912963e+02
4.747819816067655463e-02
-7.207350338824193570e-02
1.247157839021449666e-01
-1.892884238421818979e-02
-5.594378246028597346e-02
1.546996303769251901e-01
-1.635995410931361804e-01
1.414192946624581448e-01
6.025457911656712895e+02
3.935606862690576122e+02
5.502991617325903029e-02
-9.080344584034459599e-02
1.302714969927050714e-01
-9.176255350204243558e-03
-3.802684498018139153e-02
1.190851949687999622e-01
-1.922857010685709023e-01
1.572130131365108707e-01
5.289967539595107837e+02
4.144647649373171703e+02
4.385019130852500779e-02
-6.187020912951355506e-02
1.382372743967437700e-01
-3.734314891379572621e-02
-4.971970744261283714e-02
1.270746837834641207e-01
-1.589309014561259281e-01
1.908566560533476175e-01
5.404434459798985699e+02
3.571785812699738472e+02
7.276126561686038774e-02
-1.114821501254213976e-01
1.379071531510354109e-01
-1.777254368076496699e-02
-5.162449613041046603e-02
1.511110284702379680e-01
-2.008916585279227895e-01
1.911061250633238062e-01
4.063636607264051008e+02
3.055188299135022589e+02
6.857604989507115612e-02
-9.904117624557802479e-02
1.344216106997518090e-01
-3.595743735649972045e-02
-2.237046404133341201e-02
1.282639139675275930e-01
-2.558231609283075358e-01
3.135831097169780035e-01
4.135403174623670566e+02
3.156031264473596707e+02
7.359428612017500371e-02
-1.022422790003905124e-01
1.414489756247133412e-01
-4.363528217922330033e-02
-2.114058220477235683e-02
1.120196030027406642e-01
-2.463053062700454321e-01
3.121302155969750691e-01
4.271506133892125945e+02
2.960227004231603587e+02
9.220524376230325447e-02
-1.269354825411572463e-01
1.311192695443217371e-01
-3.365409956983646256e-02
-2.117363296093750444e-02
1.431367284293660613e-01
-2.525891746221476386e-01
2.954651416087784588e-01
5.459354193289450450e+02
3.980642288747108068e+02
5.553489294777495117e-02
-6.168259061895346729e-02
1.043233299031663397e-01
-3.961302107041970999e-02
-7.312679356385100998e-03
1.130932503604312328e-01
-2.079247611839010745e-01
2.173391722654480218e-01
4.894573114050152185e+02
3.784608921979863680e+02
5.555914868826998532e-02
-7.483220663067795264e-02
1.175816755338732061e-01
-3.456465688574202749e-02
-1.817926801132175793e-02
1.287663505325548907e-01
-2.023910380618231253e-01
2.306666803780369757e-01
4.753571495771570312e+02
3.876144446758190725e+02
4.732530764793387024e-02
-4.785162358426439666e-02
1.246318121661419698e-01
-5.740005877649195093e-02
-4.828099308098702386e-02
1.473484434844506696e-01
-1.867013144420598958e-01
2.518809609124027515e-01
5.987780023825962417e+02
3.885865040022507628e+02
4.923815837716524063e-02
-7.263441527050772117e-02
1.198404718016255616e-01
-1.124267952699032486e-02
-4.392331200706913602e-02
1.350209218147626622e-01
-1.979635214947797206e-01
1.652037110067766379e-01
4.711598389995866114e+02
4.057372994819253336e+02
4.012192645207827285e-02
-5.460956262438333708e-02
1.303768082349394952e-01
-4.899256258231395739e-02
-1.957445985086063087e-02
1.028538657799945716e-01
-1.827552921078800241e-01
2.465035136280014638e-01
5.384751066023450221e+02
4.116976798737145486e+02
3.943115922118671512e-02
-3.929920357185011370e-02
9.977151683262557025e-02
-4.273778022196697557e-02
1.639552828306242022e-03
9.632263238015251194e-02
-2.100947691509634230e-01
2.277316499858009491e-01
5.074427692572662068e+02
3.695299496486762791e+02
5.694964570704584561e-02
-7.755600435752632582e-02
1.286162301898451099e-01
-3.576203268676637209e-02
-3.657977242858904965e-02
1.296783435046347799e-01
-2.084622715258775405e-01
2.326706084282223752e-01
5.089460348993293906e+02
3.780316811987535743e+02
5.391810459081096407e-02
-7.416288917536394132e-02
1.246876376685000093e-01
-3.342629724261103608e-02
-2.581436967534737892e-02
1.188130898403917390e-01
-2.053604464118612971e-01
2.272708499182354291e-01
5.043818867025303234e+02
3.610384391202544521e+02
3.896614938168993514e-02
-4.848572714241336512e-02
1.110117017331530287e-01
-3.293239919376382552e-02
-1.571039617284578777e-02
1.063304652398857630e-01
-2.436579516128613010e-01
2.636479341587742997e-01
5.965502281847974473e+02
4.531436358527044490e+02
4.219494055729660492e-02
-6.187946326959743032e-02
1.341620386692621847e-01
-3.276711119202465466e-02
-5.228640853282484624e-02
1.305722823669366317e-01
-1.317876937228285861e-01
1.344596250682117411e-01
4.902020800509101832e+02
3.423533837697920603e+02
7.498040965115450318e-02
-1.245344720381225123e-01
1.541182891199793237e-01
-2.166029232049705017e-02
-3.197244033459240020e-02
1.056303089042167909e-01
-2.164705129533143479e-01
2.349384302762256849e-01
5.992800027037581003e+02
3.739032751459022279e+02
7.631121030973685160e-02
-1.157043961541398130e-01
1.295693157304683429e-01
-1.276364509995297526e-02
-2.627381627085863952e-02
1.168436835378754701e-01
-2.103045235420825387e-01
1.727207519406148972e-01
5.215446563054130138e+02
3.243060745460682028e+02
7.943579776740479492e-02
-1.256674559249450207e-01
1.464702966397685435e-01
-1.384206009281383973e-02
-4.501669036490588138e-02
1.300087345090681912e-01
-2.338886903433706754e-01
2.233265168179348892e-01
4.042062628667314357e+02
3.348644595468845182e+02
6.204702944376522256e-02
-7.909712855138673060e-02
1.298579739798229049e-01
-5.456549971195986254e-02
-8.921569560187922812e-03
1.022547365869432845e-01
-2.467038784973925036e-01
3.234189530142116409e-01
4.736336513729714284e+02
3.234738876069073399e+02
8.643492950843564837e-02
-1.271054713800111868e-01
1.395705913360238970e-01
-3.121008799943502873e-02
-4.633315299768581315e-03
8.918921980976636521e-02
-2.502928500697414460e-01
2.749800458635022760e-01
4.789040398885414902e+02
3.926392722013627008e+02
4.937611232912255538e-02
-5.473157480350724496e-02
1.122302422263893595e-01
-4.840807027939587892e-02
-2.451137154387636116e-02
1.386689145524014066e-01
-1.915743903280804072e-01
2.380235636363990659e-01
5.938127932077418336e+02
4.288214313838408316e+02
4.776604497810756772e-02
-6.394926636889805560e-02
1.244604202432693790e-01
-3.291083170388981599e-02
-3.525748715255974663e-02
1.132507602000750180e-01
-1.685550522315953370e-01
1.622615012678914614e-01
4.676892535821327215e+02
3.753357053082819448e+02
4.091971194439805726e-02
-3.246874673767725233e-02
9.418668092729706731e-02
-5.410707004313541901e-02
3.772821604098778800e-03
1.092515909374124211e-01
-2.405724689081840395e-01
2.908059323452740763e-01
5.502488519651874412e+02
3.574120796758236338e+02
5.964359208362746828e-02
-7.968246902531436748e-02
1.146571604887392515e-01
-2.164342290704231869e-02
-3.565643269687584355e-02
1.417753554884960132e-01
-2.268711358856478899e-01
2.129350266996085650e-01
4.804908186615700174e+02
3.450131722043878426e+02
6.456461728275819656e-02
-7.999775956145652178e-02
1.182749375333873865e-01
-3.964691358436743529e-02
-1.859698720714182338e-02
1.247401273394301846e-01
-2.382629214639320481e-01
2.719098892670763767e-01
5.043818867025303234e+02
3.610384391202544521e+02
3.896614938168993514e-02
-4.848572714241336512e-02
1.110117017331530287e-01
-3.293239919376382552e-02
-1.571039617284578777e-02
1.063304652398857630e-01
-2.436579516128613010e-01
2.636479341587742997e-01
4.135403174623670566e+02
3.156031264473596707e+02
7.359428612017500371e-02
-1.022422790003905124e-01
1.414489756247133412e-01
-4.363528217922330033e-02
-2.114058220477235683e-02
1.120196030027406642e-01
-2.463053062700454321e-01
3.121302155969750691e-01
5.160966323221474568e+02
3.729444279614487527e+02
6.090821248304224139e-02
-8.047549499438122478e-02
1.266831941460340727e-01
-3.621429647864136264e-02
-3.710289159009259180e-02
1.333625635333612336e-01
-2.036234953316342355e-01
2.232409454530349113e-01
4.245149548663747510e+02
3.014022419628344664e+02
8.748543368573866164e-02
-1.187573265125503319e-01
1.255718472646352446e-01
-3.666927463853145858e-02
-1.016641806005568610e-02
1.297353099657387598e-01
-2.593071701608758439e-01
3.036346016651229052e-01
4.718430025596886139e+02
3.893468982249345913e+02
4.646921251253161023e-02
-3.695228729208499541e-02
9.917155747312381142e-02
-6.306502126543478415e-02
1.775900366457251744e-02
8.318617637189890113e-02
-2.350621119303318296e-01
2.967570002640763649e-01
5.391090728991590595e+02
3.569880393923057227e+02
5.180042777347652894e-02
-6.559206802378514389e-02
1.078814563506753088e-01
-2.369207693332072567e-02
-1.379732226962333483e-02
1.114746265504287098e-01
-2.454210256143181668e-01
2.396326219321595896e-01
6.107924678638419209e+02
4.306706304660315254e+02
5.372202230682875113e-02
-5.440237846012217077e-02
9.026337125515940252e-02
-3.774604673340528627e-02
3.262059362697907611e-03
1.052558343950012049e-01
-1.974730071448578539e-01
1.753278239218520052e-01
5.767046894921646754e+02
4.165651995404081731e+02
5.384717906037405494e-02
-5.875161993041710939e-02
1.058474942203764535e-01
-3.941531839706424040e-02
-1.408510129936458438e-02
1.134560957029685929e-01
-1.916670396513594221e-01
1.910703564315870684e-01
6.052040912496786405e+02
4.565581141654769226e+02
4.615350733329300070e-02
-6.479895390645233622e-02
1.322290026254511475e-01
-3.321937498389964522e-02
-5.280952769432838839e-02
1.342565023956630854e-01
-1.269489175285852811e-01
1.250299620930242772e-01
4.843817282756682516e+02
3.672587924838936715e+02
6.060798228450048342e-02
-7.554428375812456686e-02
1.245933414158274660e-01
-4.500130547211108473e-02
-1.797635781648528400e-02
1.091037383864650878e-01
-2.186418007650381412e-01
2.585203169471612661e-01
4.270682144826815829e+02
2.939455197257802865e+02
8.090119303454203215e-02
-1.169633854134200790e-01
1.355355483782498538e-01
-3.083338822542441154e-02
-2.289140715272495671e-02
1.299836584696266450e-01
-2.626514118080739424e-01
3.048677402265318470e-01
4.987491118958535594e+02
3.762712370818505860e+02
5.912208576842112318e-02
-6.359995682154810648e-02
1.054920984223897823e-01
-4.677571731597029298e-02
-6.491433111499754320e-03
1.195007725333820381e-01
-2.224229172593972792e-01
2.550634097477557094e-01
3.915217096027486718e+02
3.107429492017708412e+02
7.077023923945276185e-02
-1.053704290974490781e-01
1.423277288850640920e-01
-3.881083928569949160e-02
-2.698799350195875413e-02
1.313535072457187036e-01
-2.413660770707539704e-01
3.105848127252774371e-01
4.482971387807551764e+02
3.698569872290016747e+02
4.536574507682149260e-02
-4.556232056378194117e-02
1.145852923120275757e-01
-5.650976677496009210e-02
-6.384096623418036506e-03
9.890714650832291288e-02
-2.325052629454921749e-01
2.979146719046517622e-01
5.852151067973970839e+02
4.343415842030256044e+02
4.779574947048906980e-02
-3.667077194182935540e-02
7.982652281497931712e-02
-4.607386023235556655e-02
2.499530105013882814e-02
8.515580545567247306e-02
-2.080170673759209887e-01
2.040610305811518810e-01
4.985416702906892965e+02
3.538043315001249312e+02
7.497202578416806151e-02
-1.057835414823466436e-01
1.239254408969495264e-01
-2.709709449447617047e-02
-2.330407839642799697e-02
1.395476682216248987e-01
-2.118007747471487845e-01
2.263829925981514779e-01
4.717786218432904661e+02
3.765226178903137679e+02
5.071392238391487367e-02
-4.869470766100021664e-02
1.012376803397384839e-01
-5.329665247296891395e-02
3.242445035243676082e-04
1.110474246457758690e-01
-2.293664508827472637e-01
2.774799015622296805e-01
5.181721205423623360e+02
4.117713398627563492e+02
4.867889721348343801e-02
-4.081033842195197492e-02
9.230237688852593880e-02
-5.635845586862482659e-02
1.794710985972878398e-02
9.009105520843729842e-02
-2.169812866511440508e-01
2.503497412310474179e-01
5.667561189718849164e+02
4.249500291442964794e+02
5.169936426704466875e-02
-4.231966858016159017e-02
8.140767870246938542e-02
-5.011290139759760204e-02
1.738694901083484567e-02
1.037268962569734831e-01
-2.084262558910909557e-01
2.157579777205991534e-01
5.437964003633277343e+02
3.655326563932148929e+02
6.220330508693270449e-02
-7.809733029643917135e-02
1.113254436447018297e-01
-3.204231265766327441e-02
-7.164088969627908227e-03
1.049267565429163745e-01
-2.394521635602853138e-01
2.387024488933678357e-01
4.851866830389305960e+02
3.833205264375429238e+02
4.800848369678329536e-02
-3.588808657638074828e-02
8.742719558313638561e-02
-6.047067784350591835e-02
2.684919477586015374e-02
8.673251644365509438e-02
-2.512371055169104195e-01
3.005551863347154518e-01
4.610579424031311646e+02
3.408318888222887608e+02
6.335178196047833166e-02
-7.525785550061657447e-02
1.068833416348361764e-01
-4.322413023835093571e-02
5.995069889019252751e-03
1.059762379093385359e-01
-2.579510047811578999e-01
2.950585822395041524e-01
5.154951188743716557e+02
4.571486725383298335e+02
2.758429885318958857e-02
3.750274048524022963e-03
7.590640955899208286e-02
-7.423506231591776861e-02
3.767181795736466998e-02
6.674363758160456461e-02
-2.013781335861967725e-01
2.562975277387996575e-01
4.530042348578695623e+02
3.092072829233293305e+02
8.327058330764224026e-02
-1.163173922435068730e-01
1.276282256654363290e-01
-3.118441391172940835e-02
-1.987951821401503366e-02
1.329327967824640855e-01
-2.526794106109349070e-01
2.815105291957680778e-01
4.436120864539525996e+02
3.816672197090280747e+02
4.408037389450293608e-02
-3.686993015025428339e-02
1.076016813486209284e-01
-6.534517934997316480e-02
3.181824810898190373e-03
9.345318448503284192e-02
-2.286934136492535519e-01
3.039403753454373858e-01
5.741224236848858027e+02
4.082527915410594233e+02
5.945886360602269105e-02
-6.947018165583344895e-02
1.100802435503085430e-01
-4.061425215215669349e-02
-1.317288032586478620e-02
1.090502849719741235e-01
-1.997344237633164876e-01
1.977587371268471617e-01
4.630832781125038764e+02
3.853609242128131882e+02
4.383364990941906320e-02
-2.705812120674944837e-02
8.300176237702223958e-02
-6.230164015043102715e-02
2.778926703204256596e-02
9.112438608812013785e-02
-2.452224141435298821e-01
3.033231058128987301e-01
4.787034096962736385e+02
3.643477476357951446e+02
6.330467036466942699e-02
-6.728245374543347090e-02
9.725044532155363575e-02
-4.756731702963460512e-02
3.177387678628842624e-03
1.250916772370636032e-01
-2.354612066523396607e-01
2.702508787395624945e-01
4.614974541115551006e+02
4.181438761870907683e+02
4.567206692032389770e-02
-1.621518558610512972e-02
7.209250889989908540e-02
-8.148153416837471130e-02
5.328551134420664998e-02
7.076404160672672417e-02
-2.331857694927169378e-01
3.096261653429033811e-01
5.038201553421774861e+02
3.974200780206487593e+02
5.008461558369742272e-02
-4.518801216196649539e-02
9.551312855848254069e-02
-5.302432936398118746e-02
4.865519945089559137e-03
1.087872929398339961e-01
-2.172029880716794814e-01
2.530687583397464580e-01
5.801600609460246005e+02
4.314366964131681357e+02
5.661468505497433551e-02
-4.783425575182947281e-02
7.496758276335301063e-02
-4.914038353707512324e-02
3.666541660520578755e-02
8.620961940712765226e-02
-2.142634570232417046e-01
2.110079199294214447e-01
5.274040819454672828e+02
3.702218511717395018e+02
7.447156698286133691e-02
-8.902230772538625991e-02
1.046122201824980918e-01
-4.182457439919908676e-02
1.597049606360850804e-02
9.530367810317691424e-02
-2.404087895710103617e-01
2.520101966954947925e-01
6.580009872292691853e+02
4.798047878010964951e+02
4.131539823171101466e-02
-2.634479015654466252e-02
7.252103761386317904e-02
-4.170821140502299629e-02
1.496950857591355065e-02
9.674277493367622327e-02
-1.711072740175902107e-01
1.359382907172385357e-01
4.471280901914160495e+02
3.575603939174987431e+02
6.025880055790840129e-02
-6.495931154108097738e-02
1.082147892807930611e-01
-5.063563839894550528e-02
-6.948742526476594898e-03
1.255538413629244121e-01
-2.300086735991709042e-01
2.851417932381513087e-01
5.045992647200932879e+02
3.713795905138998137e+02
6.090565895935964175e-02
-6.374095528422692170e-02
9.749618728143844004e-02
-4.567951578868405249e-02
1.994870111188732850e-03
1.193740839766501416e-01
-2.341288911291210251e-01
2.608542402597781029e-01
6.151036904468730881e+02
4.440327342111550024e+02
5.109733559029090710e-02
-3.991229381715476199e-02
8.161676982570920114e-02
-4.776810071131969149e-02
1.883535734378305460e-02
8.847236054858741150e-02
-2.008810037589845443e-01
1.885252284232875608e-01
5.134085406161814262e+02
3.570683518908413134e+02
7.424268368589111156e-02
-9.451346866916132683e-02
1.128110602054692296e-01
-3.364927062961451526e-02
-1.030995133102266537e-02
1.228185351504824108e-01
-2.280206485754061596e-01
2.369017719696659141e-01
5.520933763114143176e+02
4.885048253357273325e+02
2.624385184591610312e-02
2.730942131685597241e-02
5.031567663780996125e-02
-8.749808229566809203e-02
5.561047195251309083e-02
6.593633827985206919e-02
-1.954111185592098954e-01
2.472951716549146028e-01
5.014643189059484598e+02
3.775998812766550259e+02
6.967375425248464871e-02
-6.242428050701842590e-02
8.197808156815789005e-02
-6.041651544275650904e-02
3.306053932830840814e-02
9.938265954850342143e-02
-2.507823852687060540e-01
2.860379333632749321e-01
5.083845006456360807e+02
4.163291507688179536e+02
5.447311200950050170e-02
-4.638783606427197836e-02
9.245093152220960897e-02
-6.239319586559750885e-02
2.105374574465958964e-02
9.248616934763642661e-02
-2.095550047672408989e-01
2.520586265969507744e-01
4.248370228746310886e+02
3.617461682333471913e+02
6.938903704768797920e-02
-6.470685094959001404e-02
9.710639692108766208e-02
-6.878162032647297530e-02
3.164830298723832896e-02
8.936696162576170110e-02
-2.486069935718630275e-01
3.257830995221214221e-01
5.106601312254677509e+02
4.259371861504450294e+02
5.083331785154390076e-02
-3.239179129090553888e-02
7.851532959761543806e-02
-6.679931259487321971e-02
3.799277389716242820e-02
8.287517877938549438e-02
-2.154047289226361239e-01
2.587143273140331545e-01
4.614974541115551006e+02
4.181438761870907683e+02
4.567206692032389770e-02
-1.621518558610512972e-02
7.209250889989908540e-02
-8.148153416837471130e-02
5.328551134420664998e-02
7.076404160672672417e-02
-2.331857694927169378e-01
3.096261653429033811e-01
4.640818646031071353e+02
3.661678399658191552e+02
5.376203762971609040e-02
-4.275599624191113446e-02
8.728044864757535104e-02
-6.356274926197633124e-02
3.476813147348754157e-02
8.189126344058718365e-02
-2.689681619609027852e-01
3.273367523173563165e-01
4.485956533015154264e+02
3.990690677997876037e+02
5.599535657959271717e-02
-3.103987264686677156e-02
6.449652545711506701e-02
-7.808831395957288590e-02
6.905767824635453134e-02
7.077629680120313405e-02
-2.533913623628521461e-01
3.241894347503913032e-01
5.483547587047467005e+02
4.153831208278946860e+02
5.868627721665081037e-02
-4.447037387072570735e-02
7.102136317362880980e-02
-5.886542580398422542e-02
4.480955616124114582e-02
8.592113763444195196e-02
-2.356593926979337894e-01
2.527973383193072854e-01
4.417491990066366156e+02
3.839245551960656826e+02
5.159700685696942679e-02
-4.272109262529513035e-02
9.966480231391421085e-02
-6.790123156148684946e-02
1.598057303214695662e-02
9.550044687364633855e-02
-2.305250549031465923e-01
3.054318262237670778e-01
4.399209918849743985e+02
4.490857248350123427e+02
3.764808157935252420e-02
-2.881134940521171833e-03
7.892641323985331858e-02
-9.445683924190305392e-02
4.805864386439607366e-02
6.770939599545859611e-02
-1.992075254367306758e-01
3.014605458125995674e-01
5.651279679818054547e+02
4.455404834695078762e+02
5.501073962729965960e-02
-2.948135273571984849e-02
6.063159786583540573e-02
-6.546237966572969469e-02
5.343545569934086276e-02
7.925311296499119862e-02
-2.143371587329845340e-01
2.315900981468251019e-01
4.995076978814992117e+02
4.496768029321679023e+02
4.313514894352038498e-02
-2.646596543572708737e-03
5.053498542851433961e-02
-8.657452266154455622e-02
8.690601656969922095e-02
4.658119203349086329e-02
-2.355250796323415940e-01
2.985487986492472157e-01
5.850590038336050611e+02
4.762348262368316227e+02
4.215987246119941301e-02
-1.603977539391085450e-02
6.942023523143020514e-02
-6.532979727334256581e-02
3.417952694991410051e-02
8.481433961650980402e-02
-1.804676383951122343e-01
1.963183261580483951e-01
5.156741276578419502e+02
4.556000464299506802e+02
4.233837163426940053e-02
1.881800429064084054e-03
4.864706850658358228e-02
-8.541060536184598428e-02
6.690878216735146600e-02
7.518082410270771065e-02
-2.178868592492779477e-01
2.758396634028418282e-01
4.877701517647713558e+02
3.995326030212888782e+02
5.489651370069453112e-02
-3.713026015292536508e-02
7.987127530739000780e-02
-6.911789120434441713e-02
3.367264354978002916e-02
9.194210647677748816e-02
-2.376818061147805139e-01
2.896770688160839047e-01
5.556466348599840330e+02
4.308293467158834460e+02
4.120793620510571770e-02
-2.477969089017750468e-02
7.828963280781540968e-02
-5.306268653990822010e-02
2.755806610982977981e-02
8.125758534420898793e-02
-2.156432849810795971e-01
2.288081505733486343e-01
5.050766726277685166e+02
3.876650043640793797e+02
6.142134774418789300e-02
-4.471781458785808322e-02
7.635443877063465001e-02
-6.544419523822560258e-02
3.806629575262339416e-02
9.274957122138662025e-02
-2.528582269856817222e-01
2.947073642636323099e-01
6.115525050883343283e+02
4.840634712175958043e+02
4.032664952697259664e-02
-1.458592717842846498e-02
6.634143882175698448e-02
-6.086083208947828255e-02
3.698607517160549391e-02
8.068827376561621412e-02
-1.796003382460770459e-01
1.814361990072785868e-01
6.120592706912486847e+02
5.101466087163976226e+02
2.911564395042697331e-02
1.620179192603756618e-02
4.484490384765778964e-02
-7.100285594958850865e-02
5.686314268413043133e-02
7.392516606471692675e-02
-1.759873124781644038e-01
1.868388962105629048e-01
5.041291092622882957e+02
4.056492103039250310e+02
5.575113260150482697e-02
-3.272012798455530003e-02
7.125666709941450017e-02
-6.994292480827857261e-02
4.662874790701193595e-02
8.229313920368290514e-02
-2.428175028243841904e-01
2.890346559794257919e-01
5.506344812879724486e+02
4.283066566548060337e+02
5.427619375707674193e-02
-3.570100365799910858e-02
7.440664214542494492e-02
-6.161920621419474109e-02
2.997724669037669931e-02
9.590894670499523766e-02
-2.148139474716890263e-01
2.356248304751615286e-01
4.923246552923642412e+02
3.984639837386672525e+02
5.736116670627112307e-02
-4.180484078479358018e-02
8.346706645502592614e-02
-6.872154427722822201e-02
3.021084661663591547e-02
9.252528391857182954e-02
-2.355693439746268103e-01
2.867505161826037763e-01
5.147218531534834938e+02
4.132777913596755752e+02
5.109553571002922734e-02
-1.754062657302207090e-02
6.082601917447956474e-02
-7.597600513935229283e-02
4.761331338073111763e-02
8.961137452775903844e-02
-2.459325113298698462e-01
2.942539349102056834e-01
4.561430123793748521e+02
4.051382184531195776e+02
4.845100345473930814e-02
-1.624101713673479358e-02
6.828173641299820074e-02
-8.362703824061451519e-02
5.133553247385456986e-02
8.221856415392816975e-02
-2.461055389302150287e-01
3.258664351867872067e-01
5.588822501980323523e+02
4.441891735910919579e+02
4.648371019221236161e-02
-2.517393135670059623e-02
7.249782838764658177e-02
-6.244790365065550769e-02
3.973027570769145644e-02
7.751643394052376568e-02
-2.110239903416165075e-01
2.315568808108799670e-01
4.936679441073949306e+02
3.889463467461495156e+02
5.563076512089118464e-02
-3.576442018605335837e-02
7.549172288289747457e-02
-6.868986235942092788e-02
3.941225175681752763e-02
8.957784240362076655e-02
-2.562811542767964301e-01
3.057314905682999573e-01
4.861238962372368633e+02
4.023931642425355335e+02
5.867797479828340546e-02
-3.199365597073790951e-02
6.666289940898305344e-02
-7.398290014284181204e-02
4.817830461620249000e-02
9.214046308837653410e-02
-2.412066075245507257e-01
2.982231107270780224e-01
5.787214077451408230e+02
5.000993320745132564e+02
2.985301843112761130e-02
1.674915771910990420e-02
4.934483743595186045e-02
-7.944842554489781050e-02
6.163822574527739323e-02
6.364994302720845820e-02
-1.852579550404723496e-01
2.185678080729544226e-01
4.334796318298052142e+02
3.835591733842729241e+02
5.405343935020438806e-02
-4.444262802815700242e-02
9.616302055649895986e-02
-6.929199981464080615e-02
2.186102535355652354e-02
9.648635935223165427e-02
-2.308827133872622395e-01
3.089000429697168482e-01
4.584379374261553721e+02
3.935521884103017101e+02
5.431177116085916801e-02
-3.420271712151565224e-02
7.520813211203650206e-02
-7.334267424643256539e-02
5.067231654117312911e-02
7.809287251313352940e-02
-2.493062378749916763e-01
3.153479636466569591e-01
4.990577274520691731e+02
4.432785964048640608e+02
4.025399626750322118e-02
3.656991798007581951e-03
5.802356168720337187e-02
-8.689627169641736537e-02
5.764176032335191491e-02
7.306958419517600722e-02
-2.234230451848927823e-01
2.943743732643561151e-01
4.647702816548642204e+02
3.966156203119988390e+02
5.596280063797061388e-02
-3.281101674731076029e-02
6.412862852899164912e-02
-7.389091765708344361e-02
6.366920656312698157e-02
7.833542308444181590e-02
-2.567083442948108196e-01
3.162389081409531788e-01
4.728306874033118561e+02
3.961349057514477181e+02
5.980562815215462180e-02
-4.602223178351876748e-02
8.347276284807388091e-02
-7.029424670317836743e-02
4.149234772172825242e-02
8.087746520550763429e-02
-2.389957669176026867e-01
2.968892846645851402e-01
4.819112680854385076e+02
4.397726677596799050e+02
4.337980837685804364e-02
-2.879355706100684975e-03
5.592323191570242047e-02
-8.759140704560866575e-02
6.924877387554509434e-02
6.435091845553089773e-02
-2.289721268418484224e-01
3.010393406293951357e-01
5.106275049398979036e+02
4.161517821248745008e+02
5.080829863182067391e-02
-3.111295642456510940e-02
7.725750762169665553e-02
-6.879895137731537047e-02
4.190736438650046608e-02
7.817218860738474329e-02
-2.334198080634561634e-01
2.778150206639888875e-01
4.591646093160817941e+02
4.271380710915302643e+02
4.846756730695384735e-02
-2.241125995087699108e-02
6.916191207707104993e-02
-7.982320401128790988e-02
5.953412524726582611e-02
7.225885467469878032e-02
-2.222309841304819233e-01
2.941515747164479277e-01
5.183779809033355832e+02
4.636728253483873345e+02
3.834479071527432947e-02
5.903039846554641173e-03
4.885279236077107179e-02
-8.396041448893702686e-02
7.132867342576514058e-02
6.516425221335267470e-02
-2.146051202098194777e-01
2.693787338482604432e-01
4.950286087235175501e+02
4.530006796558582209e+02
5.028392959979530175e-02
-1.756634941533382482e-02
6.067275511965247725e-02
-8.489783437079535811e-02
6.859132244867005568e-02
6.817856826601598197e-02
-2.094031105379431656e-01
2.739859601773105835e-01
6.109069325806681263e+02
4.981153132911942976e+02
3.794152027831496077e-02
-6.857669809818492043e-03
6.332008336612290900e-02
-6.676368527941441144e-02
4.081886069546952767e-02
7.401117732922626868e-02
-1.705165237721157634e-01
1.766557105260290195e-01
5.083883793111120895e+02
4.405353639452994230e+02
5.050227507730854770e-02
-2.054995731833729813e-02
6.190283906122415192e-02
-7.718819126981416034e-02
6.355243784013583919e-02
6.712994680205731923e-02
-2.205317527821946955e-01
2.709717986651438149e-01
4.822510986573636842e+02
4.568261112846565197e+02
4.005015241296498024e-02
-4.922783923634927242e-03
6.232456253604179430e-02
-8.506297118963754289e-02
6.497771592338132118e-02
6.278973439950773228e-02
-2.054000847698309040e-01
2.768002106741858093e-01
4.813944781371767476e+02
4.132251668395724664e+02
5.316652900454837960e-02
-2.848057448185566110e-02
7.357278925553041582e-02
-7.584068142429553627e-02
5.085796715704086340e-02
7.431783386818426040e-02
-2.338080986744086598e-01
2.969391374642034731e-01
4.436441403042496177e+02
4.164757574381075074e+02
5.045221956273510805e-02
-2.417585445065354582e-02
7.325312648041855390e-02
-8.310333695044769264e-02
5.827795950577085299e-02
6.745413913363643155e-02
-2.292149177617205935e-01
3.116043593747583329e-01
4.558196382217490168e+02
3.873305388335122643e+02
5.479946150118780723e-02
-3.965444968837919526e-02
8.155562664508093917e-02
-6.883265329528527599e-02
3.855885081860731256e-02
8.915570392066582417e-02
-2.449904433791408320e-01
3.082113003056869416e-01
4.253547992500322152e+02
4.156530590896752528e+02
5.309773793959016164e-02
-2.600951158745333849e-02
6.688505449042739248e-02
-8.557648559643271646e-02
7.016372754746223739e-02
6.858271618440869855e-02
-2.323507445155277296e-01
3.206001495995853823e-01
4.569952744988580093e+02
3.954509612540778676e+02
6.109420780878822843e-02
-4.062530652291786865e-02
7.490238073447960665e-02
-7.842900015804397940e-02
5.607376419733517414e-02
7.656644894581640659e-02
-2.485505719552159321e-01
3.195782968555394565e-01
4.673277038340385729e+02
3.942765320556737265e+02
5.154965432744692405e-02
-2.154509384267436212e-02
6.484233825903829018e-02
-7.824552428574055307e-02
5.375823300355368761e-02
8.418217165552019376e-02
-2.593849297587420555e-01
3.274374630703908440e-01
5.283753942752592820e+02
4.628945403602878628e+02
4.784815873972839140e-02
-1.814343800865239956e-02
6.153447962278662392e-02
-7.600513364780300818e-02
6.349309246505324689e-02
6.443857632140063962e-02
-2.003548600346237996e-01
2.422295236037758648e-01
4.629354286363724782e+02
4.366714610931214224e+02
4.606559701397208023e-02
-8.541747201922893912e-03
5.879131957892439614e-02
-8.714689722138420358e-02
6.730261082640844050e-02
7.123247529684005597e-02
-2.225923043343805419e-01
3.011327591598185194e-01
5.104244383983356670e+02
4.062054707911305513e+02
6.197460184315659731e-02
-5.208853508289918582e-02
8.138116795550703886e-02
-6.192355680468723811e-02
3.416073850333117140e-02
9.364348462671068241e-02
-2.270353099994959489e-01
2.603074129970409101e-01
4.796407440026003428e+02
4.342869254203838523e+02
5.159575215146479377e-02
-2.386894794659112640e-02
6.865708476904269775e-02
-8.012152966028752987e-02
5.393203415251324184e-02
7.937784140917161779e-02
-2.134371006642086788e-01
2.794061303978520594e-01
4.928784454866816986e+02
4.213780665111987673e+02
5.056118477756769980e-02
-2.365586488241213509e-02
6.782605123666600455e-02
-7.517788478245487904e-02
5.415436610393286471e-02
7.459593439419746896e-02
-2.332614443143949667e-01
2.871778108486122139e-01
4.515460750563839269e+02
3.683674652989345759e+02
6.471380744247047512e-02
-5.262251283586243805e-02
8.348054189651428481e-02
-6.978393198878726778e-02
4.174373364269328562e-02
8.745290999480893890e-02
-2.635347942794084020e-01
3.273485315492348224e-01
4.905154216846496524e+02
4.450672346114270681e+02
4.700638503951639485e-02
-1.619499192441294783e-02
6.671591624154707412e-02
-8.407320323670131046e-02
6.041131166371140060e-02
6.835413618594537999e-02
-2.149329976240483830e-01
2.823806355958396463e-01
4.196090004186518172e+02
3.809986877402313326e+02
6.083773007242969377e-02
-4.822043694382191492e-02
8.663210329039057467e-02
-7.500558670306282927e-02
4.225871221593704291e-02
8.536527371306672218e-02
-2.424877782964290074e-01
3.242744879572022065e-01
4.561430123793748521e+02
4.051382184531195776e+02
4.845100345473930814e-02
-1.624101713673479358e-02
6.828173641299820074e-02
-8.362703824061451519e-02
5.133553247385456986e-02
8.221856415392816975e-02
-2.461055389302150287e-01
3.258664351867872067e-01
4.668805035599962707e+02
4.132502692292625284e+02
6.355970572153038511e-02
-5.026353262782205789e-02
8.121841714485716901e-02
-7.590843366367497347e-02
5.309128767774773383e-02
7.576755364685239247e-02
-2.242074356164196203e-01
2.888354524313123672e-01
4.841927076724815606e+02
4.182154157493701518e+02
5.179821207335490174e-02
-2.674912610866660850e-02
7.106658763142946478e-02
-7.580116371736912717e-02
4.981030531344385337e-02
7.880869638481882711e-02
-2.296707204212840858e-01
2.887651413681710522e-01
4.697189148000358614e+02
3.961952968965461537e+02
5.554445402085946004e-02
-3.497665346741093972e-02
7.841245274814966082e-02
-7.421288630854540325e-02
4.125827926691622710e-02
8.735848323975549390e-02
-2.435870588089056044e-01
3.080265748358547717e-01
4.392992832988048235e+02
3.770816975259771766e+02
6.074472377713190097e-02
-4.554196052816605889e-02
8.465181175614708287e-02
-7.464232824813429867e-02
4.181342189617059252e-02
8.424064286459852224e-02
-2.542915155357052814e-01
3.290823153864841366e-01
4.262745784181794306e+02
3.858812565547067379e+02
6.061832644243676099e-02
-4.589469584439841154e-02
8.256737458151608422e-02
-7.447738962606621771e-02
4.411820375218914597e-02
8.715769616179684653e-02
-2.395640760956775361e-01
3.168162374404477899e-01
4.681737186269419340e+02
3.922815726281293678e+02
5.503623083920754916e-02
-3.206616919001351040e-02
7.437896906039988265e-02
-7.508303145357589359e-02
4.364061077752769829e-02
8.869760511474611420e-02
-2.509596170435386964e-01
3.152235896451159314e-01
4.278030263345791013e+02
3.849575468150382562e+02
7.188196273010954984e-02
-7.336597214435848502e-02
9.884607009224637142e-02
-7.001242885172369312e-02
3.716568408673354140e-02
8.636616485924068776e-02
-2.246078619695184853e-01
2.985021096776334648e-01
4.417267887829420943e+02
4.075960600093777657e+02
5.516342733742156390e-02
-3.251794185916957736e-02
7.325911298071256794e-02
-7.833002138419004057e-02
5.684423402259593944e-02
7.465045189127009206e-02
-2.324227715388984261e-01
3.076221120535832521e-01
4.194841373811041763e+02
4.050631271610068325e+02
5.985881377826809263e-02
-4.279641741171228558e-02
8.132890277605810125e-02
-8.096832321219867012e-02
5.642878595573865008e-02
7.227207115372599744e-02
-2.258987004069809290e-01
3.131561555533537988e-01
4.805575168517630118e+02
4.037217771860776452e+02
4.871617531812928031e-02
-1.783997724242180477e-02
6.928965019074626031e-02
-7.814388401432215137e-02
4.227389451090189654e-02
9.062131062292436146e-02
-2.462856548027723691e-01
3.120559350936762955e-01
4.409202160659087895e+02
4.016088725206343497e+02
6.342446615678400124e-02
-5.198529881359326837e-02
8.496480157812312528e-02
-7.428349286181656908e-02
4.933647136821543017e-02
7.681088059467673645e-02
-2.263056181375354969e-01
2.980448124366448237e-01
4.918962319286184197e+02
4.271620472077494810e+02
4.858486687706126128e-02
-2.555244595816466568e-02
7.375383157168158288e-02
-7.204953479019837737e-02
4.390765638342074284e-02
8.078689263030784662e-02
-2.169703400046224251e-01
2.695512922212743301e-01
4.280557898948151774e+02
4.129275549738987934e+02
5.688949977268733388e-02
-3.719047267170463161e-02
8.164443918246973297e-02
-8.194618527910732531e-02
4.933329317565324224e-02
7.837819198173451296e-02
-2.165754173659930060e-01
3.031147959478586174e-01
4.630556747281214598e+02
4.303715130041641714e+02
4.485939885530634830e-02
-2.665151223793348154e-03
5.275059288081855591e-02
-8.941193432730584756e-02
7.281407435367666381e-02
6.983968820361395602e-02
-2.373640725273847840e-01
3.170332472824164971e-01
4.370180816127860339e+02
3.722943263380255985e+02
6.557812889563693903e-02
-5.542800901974614947e-02
8.569617152635852775e-02
-7.112813192224225201e-02
4.203583344024203194e-02
8.805775571572936611e-02
-2.541689969036886043e-01
3.239626717980757520e-01
4.630627190837589069e+02
4.026638018159658259e+02
5.229839336771095748e-02
-3.565975488798656806e-02
8.157506177866931385e-02
-6.964562122919271125e-02
3.924492212447205919e-02
8.101273624299165643e-02
-2.316951863572164205e-01
2.899348824214306730e-01
4.478277118951596094e+02
4.147772158554977864e+02
5.745401125295308137e-02
-3.741830430378402517e-02
7.885003495505851778e-02
-7.823693370149517601e-02
4.521000860716394010e-02
8.550861268675478966e-02
-2.154650526996476079e-01
2.905410540522183060e-01
4.640873955177901280e+02
3.875146924673465492e+02
5.828392133999614477e-02
-4.133860518919632576e-02
7.699522927376778458e-02
-7.090122040172355811e-02
4.779640308958528483e-02
8.317337481552330991e-02
-2.526176141996193669e-01
3.137486365378956976e-01
4.707646389629832697e+02
4.350163433521811385e+02
5.043271424492207916e-02
-2.091943418817417827e-02
6.510422762689782594e-02
-8.036648680482141871e-02
5.811347817777953034e-02
7.836891733822665129e-02
-2.133555370710479293e-01
2.814993335027320409e-01
4.515460750563839269e+02
3.683674652989345759e+02
6.471380744247047512e-02
-5.262251283586243805e-02
8.348054189651428481e-02
-6.978393198878726778e-02
4.174373364269328562e-02
8.745290999480893890e-02
-2.635347942794084020e-01
3.273485315492348224e-01
4.133223121204195536e+02
4.072481943804418734e+02
5.647207670547246816e-02
-3.264271768869685814e-02
7.516951005350615278e-02
-8.689318904026786805e-02
6.190710154012042665e-02
7.155374390202608181e-02
-2.313933803266389200e-01
3.275416611309491799e-01
4.533299938822773356e+02
4.048167070346618743e+02
5.917071423593558976e-02
-4.370287218120258443e-02
8.132107651151693206e-02
-7.575906952608332801e-02
4.880225692103731111e-02
7.744450065693604668e-02
-2.310135065675004984e-01
2.993801583155826229e-01
4.362803259716234834e+02
4.159511423644966044e+02
6.110060052967598160e-02
-4.670552079461907924e-02
8.463761831817927239e-02
-8.227857921901830796e-02
5.638645998690795108e-02
6.875487473435284991e-02
-2.189780643184624509e-01
3.021952348789734843e-01
4.176783489636549120e+02
3.849132402024359294e+02
6.284088043376920285e-02
-4.942079570641623454e-02
8.310081761690873980e-02
-7.475917241977805827e-02
4.739105386725525615e-02
8.399071798114622622e-02
-2.386458076451454247e-01
3.186917028116156847e-01
4.233827446882684740e+02
4.062028585413873998e+02
6.574389850858830542e-02
-5.603074250083554114e-02
8.666021199728578261e-02
-7.656580044062083479e-02
5.266633593940930197e-02
7.524189420998406153e-02
-2.155538054761841904e-01
2.963566944116134971e-01
4.255828538934615608e+02
3.908064918980943503e+02
5.820452374833737230e-02
-3.877417860563403540e-02
8.027303304796316874e-02
-7.991799851934931753e-02
5.107635158043255519e-02
7.807903412558594991e-02
-2.433457854895599293e-01
3.284465935200553410e-01
4.212590025708544772e+02
4.134086637868663843e+02
6.067352112534449976e-02
-4.405695371259638060e-02
8.326558551310743461e-02
-8.411499916556862411e-02
5.692510172353894282e-02
7.155383259232220294e-02
-2.175432971859820874e-01
3.094256333328561648e-01
4.050708302771308240e+02
4.072038639292440507e+02
6.222241655278010902e-02
-4.462368773924708237e-02
8.073154444683323938e-02
-8.621457725006359540e-02
6.717131921301811026e-02
6.206924812687013293e-02
-2.276439463806296526e-01
3.252711467019167024e-01
4.263905446621703277e+02
3.736345126111246486e+02
6.168609315104544438e-02
-4.863326196753284258e-02
8.534882998677982557e-02
-7.275459512170130705e-02
4.048526099689660901e-02
8.867076981096899679e-02
-2.507861599441499889e-01
3.273055329974627892e-01
4.460121140235279427e+02
4.145385163425660267e+02
4.920032989729004186e-02
-2.214112036182626364e-02
7.181901124916093004e-02
-7.932124373484736313e-02
4.784479479188268047e-02
8.443449521065177210e-02
-2.242299955169516357e-01
2.993881831901632484e-01
4.387789324948568037e+02
4.023458169135613502e+02
5.749196739395252137e-02
-3.742257662411893615e-02
7.853818786319496925e-02
-7.849831314202905530e-02
4.818625623782327866e-02
8.300017614169361013e-02
-2.307562957214344956e-01
3.083542246896474603e-01
3.935525578411997571e+02
3.929248676996900826e+02
6.407950888426702796e-02
-5.270445718119598499e-02
8.808626182112901104e-02
-8.034714668981073060e-02
5.348626057378241122e-02
7.405915615564445664e-02
-2.268429604028575353e-01
3.219688152203501463e-01
4.194809251595108890e+02
3.878944066312815266e+02
6.272349266129634282e-02
-4.922309579722677908e-02
8.258090529107584010e-02
-7.612891205812978568e-02
5.126641469071635537e-02
7.970915475058536204e-02
-2.386150677459483171e-01
3.202085222192612712e-01
4.253816378779014826e+02
4.031991264155967656e+02
5.788211820537547680e-02
-3.895258698131747604e-02
8.036372601269300975e-02
-8.062325313039790664e-02
5.255704000877559762e-02
7.675343932675318670e-02
-2.289003083327001142e-01
3.145981104885007262e-01
4.617196471156253779e+02
4.428425017891934772e+02
5.021380495742142763e-02
-2.110299226543065759e-02
6.891205020927318459e-02
-8.409099363140551397e-02
5.995667494166871669e-02
7.100535712211454575e-02
-2.041107103975109971e-01
2.793024512247516689e-01
4.259136584980286102e+02
3.976029707725272146e+02
6.128129202419302368e-02
-4.872254227668113002e-02
8.470111802726905392e-02
-7.527168240125128862e-02
4.886351671658980406e-02
7.783299271921491347e-02
-2.278875531001524624e-01
3.054725003095069558e-01
4.005403527063457432e+02
4.021003134120074947e+02
6.617921649748914614e-02
-5.715139983060552736e-02
8.941091078615094612e-02
-8.239876006692416210e-02
5.894777960802095179e-02
6.749831618501307695e-02
-2.217069561215141982e-01
3.163669105846131924e-01
4.302851070841608703e+02
4.079790041479121214e+02
5.613479347865820562e-02
-2.963028411818811880e-02
7.030334740766798485e-02
-8.222807168550602674e-02
5.837619134936909010e-02
7.832824463229530465e-02
-2.299888761591638853e-01
3.138097765046693466e-01
4.625753587451832232e+02
3.966574264573762321e+02
5.554617787644133137e-02
-3.306619908982232764e-02
7.514940828794207384e-02
-7.666554616470867833e-02
4.559735709146432031e-02
8.658702541859374102e-02
-2.456541434130821711e-01
3.131423688932086224e-01
4.103895876360850252e+02
3.928871912428676296e+02
6.611450684859859761e-02
-5.644593144819418096e-02
8.781341155805195975e-02
-7.808786411384023574e-02
5.404329691331633684e-02
7.271031709749682659e-02
-2.306102775321396958e-01
3.163648097800262349e-01
4.606577516712573015e+02
4.302661323084936384e+02
5.200646961163728210e-02
-2.823172333102112047e-02
7.421643824576797110e-02
-7.912734697059771449e-02
5.306306240790896467e-02
7.408767964353166202e-02
-2.109715375588095965e-01
2.806167581863602822e-01
4.241336006263558716e+02
4.260310423104191955e+02
5.763347390192743308e-02
-3.823748321961018687e-02
8.010823247086251708e-02
-8.496061494192315433e-02
6.075121646391840047e-02
6.685771504232546070e-02
-2.079984725432932890e-01
2.981499182738290288e-01
4.099757978033560448e+02
4.005006058042952191e+02
5.600683484105200421e-02
-3.801901151276305957e-02
8.596224367722433979e-02
-8.145585793561503640e-02
4.690524119520367297e-02
7.578492950637158443e-02
-2.242207675530403788e-01
3.183154685042610121e-01
4.199680306400461518e+02
4.147458047358355202e+02
5.978294424695302506e-02
-4.259886927639357224e-02
8.244057212346346530e-02
-8.351917381896267756e-02
5.911903257185670973e-02
6.760646908168808922e-02
-2.171460353103452923e-01
3.074999214023375615e-01
4.248900074668713955e+02
4.112935708394218182e+02
5.518741867913125321e-02
-3.479160338806176755e-02
8.291012603627478939e-02
-8.174284956715134609e-02
4.956722688346024142e-02
7.228235158428719664e-02
-2.190021275098090747e-01
3.061738633975198964e-01
4.205556423713182994e+02
4.080436831245763756e+02
5.930110353986167010e-02
-3.944862527071713032e-02
7.836159998791683567e-02
-8.318304819340305301e-02
6.030294292266441536e-02
6.953223466588581703e-02
-2.271842152044000473e-01
3.153173028895293051e-01
4.220391390570229078e+02
3.874248774338519752e+02
6.103468119164013467e-02
-4.340895162666988383e-02
8.008611002027052339e-02
-7.815340417710314735e-02
5.071803913265943153e-02
8.154950140599735720e-02
-2.429509932308251130e-01
3.258588287084103752e-01
3.972766397409250203e+02
4.112863110737682177e+02
6.503537031470874030e-02
-5.257018253740827068e-02
8.722794541521181055e-02
-8.694486305450990771e-02
6.392662361126316695e-02
6.352176624094676982e-02
-2.165632301862741305e-01
3.169688080733933377e-01
4.275997573837683490e+02
4.146871950508087821e+02
5.823669041778817973e-02
-3.869747010465871689e-02
7.967875759413246828e-02
-8.245853212692265399e-02
5.534818661238194437e-02
7.440014574556387539e-02
-2.178101520808951308e-01
3.038009733571774840e-01
4.328703840641480269e+02
4.208316830576056873e+02
5.792150319115282886e-02
-4.017405873511404463e-02
7.993212856394339705e-02
-8.013006467839874081e-02
5.728152213982853902e-02
6.875307301194052978e-02
-2.121497154576789390e-01
2.918964519091837850e-01
4.240325773284365027e+02
4.153484048992171438e+02
5.904547668018884227e-02
-4.345369928441823737e-02
8.333850257661158667e-02
-8.058214787730406947e-02
5.601775012209021104e-02
6.825890804163996239e-02
-2.142524704540462732e-01
2.993343533468074136e-01
4.078120255476666784e+02
3.989711845568936042e+02
5.971788535745416182e-02
-4.213223779666201707e-02
8.217930088740046934e-02
-8.312653847904283300e-02
5.658905839599986942e-02
7.238457060749671490e-02
-2.315466184710079089e-01
3.251905219816966230e-01
4.209704489204742686e+02
4.144998616845354604e+02
5.835518100812445846e-02
-4.204840861596021578e-02
8.400599819432438831e-02
-8.100690286323788958e-02
5.294761075584205473e-02
7.193868807311443181e-02
-2.135918193764400064e-01
2.997829126295348812e-01
4.396202175705155355e+02
4.187174850071058358e+02
5.716183426547218061e-02
-3.857175751242480216e-02
7.841998030602256864e-02
-7.867314697331771745e-02
5.542815993045879103e-02
7.168898273247352460e-02
-2.155380305250764739e-01
2.916881750571592713e-01
4.196282234403518601e+02
4.169786719721402051e+02
6.183624493289333057e-02
-4.836377265165824058e-02
8.469599058277277326e-02
-8.030692665024831423e-02
5.659529432973402219e-02
6.929317803869954051e-02
-2.094663211809874304e-01
2.937257886733770085e-01
4.248719623935447203e+02
4.039513722786533094e+02
5.904490513506755606e-02
-4.073959450116283743e-02
8.102731321654710328e-02
-8.240910912156976242e-02
5.758883636334754391e-02
6.942736889237477449e-02
-2.318580873293372424e-01
3.188888753332916881e-01
4.127256271147581970e+02
3.955235506188196268e+02
6.383736339145303085e-02
-5.198627829235683701e-02
8.666477473284506239e-02
-7.870946612612775284e-02
5.309243441292554877e-02
7.294754986551552078e-02
-2.288698324310634580e-01
3.160852528127096606e-01
4.241134196281188906e+02
4.070559058210041030e+02
5.991781960891856551e-02
-4.074026861616932699e-02
8.068265722951337149e-02
-8.488107077929192557e-02
6.055242923917385223e-02
6.728774880891646992e-02
-2.312681085185499807e-01
3.216750266178633466e-01
4.492513312062466753e+02
4.303016881600532884e+02
5.307980311073319524e-02
-2.993208989833884281e-02
7.524341862306815898e-02
-8.043249064919059943e-02
5.539801950683984760e-02
7.146656189358713274e-02
-2.091472502591861515e-01
2.818063344880221699e-01
4.280534006588262628e+02
4.121766538087193794e+02
5.933754905817499592e-02
-4.132542706701793078e-02
8.108138711095282114e-02
-8.289684517233408823e-02
5.746501201372278267e-02
7.040294785298925606e-02
-2.223814697836185572e-01
3.099358319770876835e-01
4.163124132026576945e+02
4.031484680040879880e+02
6.490259673197344703e-02
-5.573116456306674571e-02
8.762183503191199596e-02
-7.883482974701835899e-02
5.667789149404862253e-02
6.939257604782438082e-02
-2.229134215917567552e-01
3.076370497670415372e-01
4.327262583676808276e+02
4.278838862133004568e+02
5.637266697413712696e-02
-3.617550827130414093e-02
7.890370600946831903e-02
-8.396798634715695042e-02
5.915416986040007707e-02
6.871245397913258723e-02
-2.076631141478451903e-01
2.945094054398496586e-01
4.257416927053509426e+02
4.029161187982434740e+02
5.999129558244231664e-02
-4.287628490313875884e-02
8.116653050903556432e-02
-7.955195384114743806e-02
5.117305589440911129e-02
7.965673548989754549e-02
-2.260704667201029194e-01
3.094039632086287295e-01
4.154463694127030635e+02
3.994328887285133760e+02
6.248347142057756459e-02
-5.047266416930883126e-02
8.723161523893484259e-02
-7.834955054392180041e-02
5.175291818308220410e-02
7.224424585876548788e-02
-2.247039294633982609e-01
3.104816775033090170e-01
4.096176361167156301e+02
3.876967155494780854e+02
6.448233762257155055e-02
-5.038754019418797969e-02
8.447001209688849432e-02
-8.008397041340303835e-02
5.277244691002552779e-02
7.818192051583669477e-02
-2.374788603152051814e-01
3.282589698707091275e-01
4.254701313217406664e+02
3.990878621770077643e+02
5.953069927924699994e-02
-4.200003969073666521e-02
8.148298248397453647e-02
-7.962467571905298969e-02
5.300439996862885139e-02
7.411199735693289881e-02
-2.322049421191293150e-01
3.167490600803861689e-01
4.128223334255127384e+02
3.994332358335341269e+02
6.206471858837780964e-02
-4.799370583355597880e-02
8.503466805153070407e-02
-7.911427582953844961e-02
5.028676815055636851e-02
7.832674220322879965e-02
-2.241700777440865378e-01
3.102580277779318774e-01
4.253278666196500239e+02
4.152942640952884403e+02
5.690999510880180579e-02
-3.785030303862049056e-02
7.978343270890134176e-02
-8.107923285041220007e-02
5.612810314692835700e-02
7.078547069655913293e-02
-2.170740735166252766e-01
3.011959817265200678e-01
4.122814545741684924e+02
4.105801443202980749e+02
5.899619896135100544e-02
-4.092715335945702748e-02
8.067564647544607503e-02
-8.292175903807641468e-02
5.875660795371095285e-02
6.998897041005727737e-02
-2.206246745288825695e-01
3.104347957754055587e-01
4.209561589872083118e+02
4.164558848508467008e+02
5.930816582969611339e-02
-4.182789683611496528e-02
8.117307919623988066e-02
-8.381237306029350187e-02
6.021267853278982479e-02
6.782016302017558618e-02
-2.167373586815544428e-01
3.070850611857249279e-01
4.154554735776005714e+02
4.132879864091330546e+02
6.108890642708746099e-02
-4.688816891556935734e-02
8.263084399148294679e-02
-7.920098270919941064e-02
5.771233482860189945e-02
6.891500923500167020e-02
-2.129748130293559749e-01
2.959732061516414103e-01
4.078120255476666784e+02
3.989711845568936042e+02
5.971788535745416182e-02
-4.213223779666201707e-02
8.217930088740046934e-02
-8.312653847904283300e-02
5.658905839599986942e-02
7.238457060749671490e-02
-2.315466184710079089e-01
3.251905219816966230e-01
4.357591547469423858e+02
4.083940535223389361e+02
6.050094256020268485e-02
-4.493101735053392498e-02
8.257591146365660106e-02
-7.854109827378191744e-02
5.319074974771617614e-02
7.307533279442571250e-02
-2.233587979849728511e-01
3.013805505384843930e-01
4.080591678559567299e+02
3.916620561017616069e+02
6.469978953228602836e-02
-5.205546180441870951e-02
8.575533535846939504e-02
-7.971491528702649709e-02
5.411216582677335490e-02
7.449867580815713874e-02
-2.334357204547501952e-01
3.226592085259561427e-01
4.221139673685321441e+02
4.112243341115979547e+02
6.030728131089603539e-02
-4.253542594481582451e-02
8.014402782696955496e-02
-8.241087918579960425e-02
5.874935365444314966e-02
7.125711889900225582e-02
-2.220058229303361608e-01
3.080489918519611625e-01
4.123820887623693352e+02
4.088461861700782833e+02
6.318769839254585741e-02
-4.919097752434707649e-02
8.569788613973618185e-02
-8.406386799614999628e-02
5.801622052621710490e-02
6.947713835955740547e-02
-2.200360787954356023e-01
3.127120948151211888e-01
3.972952609198107439e+02
4.028648127732575972e+02
5.969987903757757036e-02
-4.097372891171818104e-02
8.297496588540652362e-02
-8.689961214600176731e-02
5.884546210276020428e-02
7.104945873121497335e-02
-2.277582168497187531e-01
3.284406668826393982e-01
4.252363262065300091e+02
4.029997559290407025e+02
5.993191634526667116e-02
-4.211542614170996762e-02
7.953655718321761547e-02
-7.905303752911356507e-02
5.554163546720011085e-02
7.255297594837135933e-02
-2.292400219493307412e-01
3.094737708709089374e-01
4.124059757692382959e+02
3.998288151897469902e+02
6.294660958572592668e-02
-5.315550193373554111e-02
8.976228302329743169e-02
-7.752136559849609476e-02
4.881247446618614677e-02
7.397849183815166652e-02
-2.199025861684050231e-01
3.075037958462167875e-01
4.146753873593957564e+02
3.952274645153423762e+02
6.213989315211396192e-02
-4.406430387568435747e-02
8.006496225205882167e-02
-8.276363752320768652e-02
5.870602008462674770e-02
7.288027291478885172e-02
-2.379229099964133010e-01
3.287334276286235091e-01
4.215575784021468166e+02
4.163144585132316706e+02
5.910791296148175389e-02
-4.235480666180578557e-02
8.016063357692301827e-02
-8.089722195330546761e-02
5.916862958708633824e-02
6.957188140299433443e-02
-2.147572201545522308e-01
2.995485192836294663e-01
4.309576366850792510e+02
4.155706131630871596e+02
5.948450549245993396e-02
-4.221872455839263683e-02
8.011808277322336747e-02
-7.998794932458669349e-02
5.738009747653814718e-02
6.959115036770603668e-02
-2.168388357881173290e-01
2.969146979544843301e-01
4.126417943637025587e+02
3.924841887542972927e+02
6.193950368230324161e-02
-4.508127364460015607e-02
8.132455542562945505e-02
-8.174228470494775134e-02
5.729608644136186674e-02
7.281238558178407261e-02
-2.396354538839179094e-01
3.287851452221702830e-01
4.331239786100447873e+02
4.151205878793336410e+02
5.876644832436770521e-02
-4.254646663602205253e-02
8.235728158621900830e-02
-7.904139352478271874e-02
5.413108683006400551e-02
7.020918117746310916e-02
-2.152636455242840918e-01
2.955125848209976813e-01
4.159658161753657737e+02
4.140467667935914733e+02
5.768551429544916537e-02
-3.833318826121981382e-02
7.944484529412561280e-02
-8.283461001473413354e-02
5.842329693065021617e-02
7.028295266021070131e-02
-2.183111920894086344e-01
3.059012530099607385e-01
4.165097267883448922e+02
4.002977807565656576e+02
5.984369779064458578e-02
-4.215031344957071574e-02
8.095903967392688305e-02
-8.156210281712181209e-02
5.626553100569552796e-02
7.272429794423886096e-02
-2.316239800458134157e-01
3.195220425078136306e-01
3.872836546185000657e+02
3.885087886418616563e+02
6.622044469071516892e-02
-5.970159040439698001e-02
9.487462914058977792e-02
-8.014534511673293560e-02
5.037554045227694149e-02
7.285542296334612811e-02
-2.264540540908847321e-01
3.257671625201193910e-01
4.082473443152746881e+02
3.895786329408318238e+02
6.405892658584458332e-02
-5.144427440373829097e-02
8.598119276677190781e-02
-7.916617341489662341e-02
5.279684248295433285e-02
7.508183758768981197e-02
-2.351746322683856971e-01
3.247734961486589689e-01
4.044813161877640937e+02
3.904668722773258196e+02
6.084349357621822441e-02
-4.635518585609353648e-02
8.573627298691031962e-02
-8.010895899665276820e-02
5.088967822802106800e-02
7.548711795437899885e-02
-2.340708634323477033e-01
3.269522959925897365e-01
4.104029071541535245e+02
4.001680850850558500e+02
6.129352133100617050e-02
-4.774273300726539909e-02
8.708448234103370600e-02
-8.023927841471088784e-02
4.922098625503326663e-02
7.749708158437194905e-02
-2.227646469919342953e-01
3.125546337013866971e-01
4.103611675177132838e+02
3.903821958923712714e+02
6.515844544496658675e-02
-5.472094183653368471e-02
8.859320711379954638e-02
-7.850078155464285112e-02
5.174565759961625294e-02
7.366347231607453527e-02
-2.323143139985704153e-01
3.213125695075128019e-01
4.146753873593957564e+02
3.952274645153423762e+02
6.213989315211396192e-02
-4.406430387568435747e-02
8.006496225205882167e-02
-8.276363752320768652e-02
5.870602008462674770e-02
7.288027291478885172e-02
-2.379229099964133010e-01
3.287334276286235091e-01
3.972952609198107439e+02
4.028648127732575972e+02
5.969987903757757036e-02
-4.097372891171818104e-02
8.297496588540652362e-02
-8.689961214600176731e-02
5.884546210276020428e-02
7.104945873121497335e-02
-2.277582168497187531e-01
3.284406668826393982e-01
3.989963650060152531e+02
3.884788235865809156e+02
6.483079802276672798e-02
-5.520956428731912252e-02
9.149733830640001397e-02
-7.992577712354938246e-02
4.857861951507465997e-02
7.677715479300491197e-02
-2.305456628940455444e-01
3.256421485930453552e-01
4.130842793960619019e+02
3.964252533258548397e+02
6.184766269917185005e-02
-4.590793449224789963e-02
8.226552929012986848e-02
-8.047678394470531016e-02
5.591406158784906905e-02
7.284362642579314540e-02
-2.329773319363331596e-01
3.205878069191325230e-01
4.298022979628428857e+02
4.156590786197057810e+02
5.696026527624344082e-02
-3.685113399404401496e-02
7.798381964167669378e-02
-8.078853217308314127e-02
5.716961295735582815e-02
7.054002824792024451e-02
-2.188980076580943901e-01
3.003185027064377843e-01
4.071041440183780082e+02
3.871374589963248809e+02
6.120682850689676546e-02
-4.653296241862805993e-02
8.382941723659596833e-02
-7.734681958842015703e-02
5.044850818109897217e-02
7.690552109223831867e-02
-2.371192309248479069e-01
3.236001211878793971e-01
4.129700615986566277e+02
3.958888948571332662e+02
6.374160726178838832e-02
-5.300603208068965788e-02
8.870303594609721398e-02
-7.838076247151716525e-02
5.147771160129181039e-02
7.178904936010011006e-02
-2.272603778250405215e-01
3.143069607585908254e-01
4.357633671230640289e+02
4.193276286437969134e+02
5.631448275294445582e-02
-3.672448547834497590e-02
7.879891276739596495e-02
-8.009782344771819440e-02
5.458946833961204198e-02
7.224002469726151232e-02
-2.138597259070474377e-01
2.939669287522078123e-01
4.125701617613385110e+02
3.859298634790421829e+02
6.355306446397611386e-02
-5.151777733118049346e-02
8.783232686461135696e-02
-7.818562464268750956e-02
4.850854179257589605e-02
7.665953755346423260e-02
-2.372818420481198065e-01
3.261789502181960954e-01
4.302674326885718301e+02
4.121967626081541312e+02
6.062311879747321608e-02
-4.393661955776394928e-02
8.108888640753640631e-02
-8.092424031179717980e-02
5.695685754890036229e-02
7.082059986608223168e-02
-2.199493008013562179e-01
3.036589028700189541e-01
4.286764029020106364e+02
4.000373763271647931e+02
5.863337532449903328e-02
-3.935444503082050072e-02
7.866354437484079920e-02
-7.913635515248258756e-02
5.342328694510005416e-02
7.546812816145286040e-02
-2.327979990069940497e-01
3.145993385310326684e-01
4.223646052039029541e+02
4.030863413659293997e+02
5.948715084336229225e-02
-4.326337521406605630e-02
8.247371603686294572e-02
-7.851336408453157834e-02
5.232158648954336744e-02
7.369177967968100484e-02
-2.254343993924464995e-01
3.079091686137248596e-01
4.147725330429691439e+02
3.988276016199733363e+02
6.305632232801733350e-02
-5.166537037173699054e-02
8.842698247627514552e-02
-7.887597243872507269e-02
5.168392255743849140e-02
7.121050779472838654e-02
-2.252689473127302278e-01
3.117641692317109636e-01
4.056173723986761388e+02
3.924327514053955497e+02
6.329998835427272375e-02
-5.016788377075028643e-02
8.617433874793953286e-02
-8.086560339203201220e-02
5.404056567250718063e-02
7.361366354716990246e-02
-2.331639711760749023e-01
3.258312369642520356e-01
3.955783456061126344e+02
4.015658760855568516e+02
6.051421588342188740e-02
-4.293559124880588773e-02
8.426807780401449066e-02
-8.655787694470823412e-02
5.873492610051615076e-02
7.014407058750959933e-02
-2.280076753009561974e-01
3.285600439038092735e-01
3.993330103763386205e+02
4.025198634862534846e+02
6.204243720885029012e-02
-4.936418972636092556e-02
8.790539632669153169e-02
-8.206092600377275226e-02
5.580870291359889268e-02
6.849650173353559468e-02
-2.216107658281504522e-01
3.152343663679941232e-01
4.084681144251659930e+02
3.897802483421847342e+02
6.248028258880906904e-02
-4.946694329464836060e-02
8.635529621248715093e-02
-7.781016449640265620e-02
4.935495461902501130e-02
7.665472785483661011e-02
-2.330513316457486495e-01
3.202051002136653279e-01
3.983130748054893502e+02
3.912675592121962040e+02
6.473997260713156010e-02
-5.454589186968883396e-02
8.945224552230432447e-02
-7.966863554547320980e-02
5.417415124926103220e-02
6.992245954969299182e-02
-2.299227624266130532e-01
3.228646791458643084e-01
3.903663549589366539e+02
3.893573012629417462e+02
6.589747285098919438e-02
-5.617123471576190852e-02
9.067097693450351659e-02
-8.178764300615383454e-02
5.464369937792300930e-02
7.165582887503400833e-02
-2.313672511024908174e-01
3.293948805532123658e-01
3.872836546185000657e+02
3.885087886418616563e+02
6.622044469071516892e-02
-5.970159040439698001e-02
9.487462914058977792e-02
-8.014534511673293560e-02
5.037554045227694149e-02
7.285542296334612811e-02
-2.264540540908847321e-01
3.257671625201193910e-01
4.134847766046935362e+02
3.904349363144407334e+02
6.192266334588766852e-02
-4.942069267937211630e-02
8.710051556451389732e-02
-7.744830505364969087e-02
4.902159146889172731e-02
7.514515203781427233e-02
-2.324455443523258669e-01
3.197414987887505222e-01
4.063945685431187940e+02
3.970845605341718283e+02
6.117084730662886161e-02
-4.294805617376309254e-02
8.030030461047917012e-02
-8.359407529448026342e-02
5.970925806660613844e-02
7.162237281980331216e-02
-2.349286040866780945e-01
3.290263811572880503e-01
4.377186225438746874e+02
4.151979880983183762e+02
5.695761405065114663e-02
-3.768059556045585956e-02
7.932807089654785038e-02
-7.962721145623501140e-02
5.335680495969934156e-02
7.332946578278821959e-02
-2.179350847299983684e-01
2.980547389700815564e-01
4.231377860092384822e+02
3.966968742202111571e+02
5.978204574043934072e-02
-4.113873984124528232e-02
7.876734978681998456e-02
-7.902326049602866054e-02
5.456225671339492295e-02
7.509699648601630972e-02
-2.353274413703866086e-01
3.184873533508748578e-01
4.154106457719378227e+02
3.978586142017360316e+02
5.914798546076910357e-02
-4.192472258636694565e-02
8.143965790995184861e-02
-7.927852433837882795e-02
5.195808317869035631e-02
7.691229741330876668e-02
-2.300473060531291747e-01
3.167544312747101465e-01
4.082473443152746881e+02
3.895786329408318238e+02
6.405892658584458332e-02
-5.144427440373829097e-02
8.598119276677190781e-02
-7.916617341489662341e-02
5.279684248295433285e-02
7.508183758768981197e-02
-2.351746322683856971e-01
3.247734961486589689e-01
4.249161308761143800e+02
4.072852467850346443e+02
6.002351011826159710e-02
-4.325247653828733635e-02
8.145200332988955516e-02
-8.104921690512756349e-02
5.684857185036749916e-02
7.041877745744425099e-02
-2.249795482208744313e-01
3.104970045743599139e-01
4.194012226782941752e+02
3.998533622419989229e+02
5.789929672542815792e-02
-3.783120277768014378e-02
7.823561641293198810e-02
-7.979868867145988032e-02
5.478801453657169973e-02
7.357120276750114818e-02
-2.322251980728693432e-01
3.157645739555826614e-01
4.185823238268291107e+02
3.964554310754064659e+02
6.142961557832331276e-02
-4.640326549087399333e-02
8.442591625923330512e-02
-7.974196427247613739e-02
5.141348441209430548e-02
7.511187410586980806e-02
-2.308795474065936659e-01
3.181320151813624153e-01
4.160371908995116428e+02
3.990527728184592320e+02
5.917690945699750904e-02
-4.099919848617120111e-02
8.083592127883908185e-02
-8.096199522014989325e-02
5.343142359214440168e-02
7.630045784455130597e-02
-2.305350552671118491e-01
3.195433786375036500e-01
3.998817766052089837e+02
3.928284309623367676e+02
6.151372307321015254e-02
-4.656633543845659085e-02
8.527434772859972256e-02
-8.163010399833876829e-02
5.317428445203673665e-02
7.470835785005106033e-02
-2.320243519443778990e-01
3.269160734614605102e-01
3.859183406630455124e+02
3.797535092558833298e+02
6.650165430881654904e-02
-6.112281013485786063e-02
9.557589646887036661e-02
-7.720930942810950992e-02
4.763283515905480936e-02
7.367319405918140718e-02
-2.328724891555421783e-01
3.290137537645683730e-01
